iteration,agent_id,fitness,x0,x1
0, 0, 159.186, -400.634, 26.844
0, 1, 100.224, -56.7797, -392.085
0, 2, -17.8023, -40.0579, 12.684
0, 3, -426.22, 143.158, 282.173
0, 4, -176.766, 36.0187, 143.055
0, 5, -258.799, -180.138, 96.2038
0, 6, -155.622, 358.328, 91.2041
0, 7, 184.855, -2.90089, -262.028
0, 8, 73.5816, 36.509, 60.2229
0, 9, -22.7311, -288.177, -412.297
0, 10, 260.487, 261.636, 118.554
0, 11, -69.8907, -95.3291, -160.255
0, 12, -122.72, -53.5818, 351.274
0, 13, -277.017, -463.863, 338.667
0, 14, -308.801, 469.755, 459.441
0, 15, 386.469, 297.406, -263.278
0, 16, -42.2825, -6.61815, -395.233
0, 17, -25.7065, -82.6487, -494.509
0, 18, 167.784, -169.759, 320.406
0, 19, 223.724, 358.397, 50.8035
0, 20, -213.975, 296.126, 433.18
0, 21, 467.076, 350.457, -291.01
0, 22, -379.271, 84.2157, -406.654
0, 23, 68.8096, 355.184, -205.284
0, 24, -2.02626, 105.845, 50.5357
0, 25, -42.4211, -149.944, 207.387
0, 26, 242.421, 200.854, -139.86
0, 27, -120.304, 3.85763, 181.084
0, 28, 166.437, 150.29, -20.0667
0, 29, 153.071, 66.7658, 249.89
0, 30, 147.489, 451.461, 319.564
0, 31, -406.117, -432.971, 76.3631
0, 32, -257.426, 488.568, -15.8724
0, 33, 485.545, 143.005, 404.942
0, 34, -444.708, 503.644, 417.629
0, 35, -165.717, -294.889, -73.888
0, 36, 688.504, 422.5, -466.645
0, 37, -372.106, 365.043, -386.528
0, 38, 287.056, 234.333, 447.166
0, 39, -24.3731, 216.005, -198.555
0, 40, 249.284, 289.947, -37.8625
0, 41, 635.193, -256.293, 378.197
0, 42, 211.305, 496.191, -54.1122
0, 43, -114.105, 227.5, -50.6475
0, 44, -230.943, -214.005, 457.747
0, 45, 32.5356, 379.127, 376.352
0, 46, -417.106, 460.087, -277.462
0, 47, -257.939, -290.093, -27.4391
0, 48, -381.817, -182.162, -254.165
0, 49, -5.52523, 220.209, -211.575
0, 50, -488.298, -423.771, -162.365
0, 51, 427.475, 48.1228, -510.843
0, 52, 474.444, 429.692, 78.3661
0, 53, -55.3467, 280.237, 310.921
0, 54, 351.066, -127.606, 311.225
0, 55, -209.748, 130.848, -373.047
0, 56, -121.115, 47.9513, 124.406
0, 57, 198.817, -54.4769, 98.6229
0, 58, -119.796, 2.89953, 128.852
0, 59, -415.031, 80.1635, -394.413
0, 60, 514.174, 135.474, 429.065
0, 61, 100.546, -173.756, -353.417
0, 62, 230.767, -156.892, 320.855
0, 63, 161.962, -366.595, 444.793
0, 64, 352.702, 453.245, -119.859
0, 65, -193.454, 141.246, -380.659
0, 66, 385.292, -299.465, 72.0842
0, 67, 765.385, -483.452, 488.811
0, 68, 119.611, 99.5776, 158.172
0, 69, -594.356, 269.32, -506.855
0, 70, -78.3746, -167.094, 125.206
0, 71, 87.6251, 245.945, 303.359
0, 72, 195.438, 236.229, 381.042
0, 73, -82.8138, -147.091, 493.173
0, 74, 80.1514, 195.317, 366.42
0, 75, 63.4422, 1.72847, -410.314
0, 76, -173.736, -298.287, -189.509
0, 77, -350.705, -440.355, -199.821
0, 78, -126.894, -120.032, 84.7158
0, 79, -368.975, -452.935, 342.166
0, 80, -81.552, 292.417, 314.636
0, 81, 682.894, -447.004, -489.792
0, 82, -709.112, 465.948, -300.287
0, 83, -158.233, -49.9029, 452.247
0, 84, -252.335, -321.29, -252.724
0, 85, -650.63, -452.73, 411.341
0, 86, 174.614, -208.734, -177.848
0, 87, 281.099, 328.145, -35.2164
0, 88, 310.457, 487.257, 145.581
0, 89, 3.13343, -24.3831, 126.882
0, 90, 213.156, -230.718, -85.9179
0, 91, 333.018, -452.835, -314.388
0, 92, -75.528, -381.163, -182.535
0, 93, 638.999, 428.418, -491.804
0, 94, -439.63, 447.928, -15.3245
0, 95, -133.014, -367.231, -165.896
0, 96, -505.863, 247.48, -457.531
0, 97, 165.154, -7.491, -265.807
0, 98, -94.9566, 22.9239, 309.355
0, 99, 697.972, 427.003, -461.935
1, 0, 158.978, -400.844, 26.5833
1, 1, 100.355, -56.5802, -391.953
1, 2, -17.8079, -40.0798, 12.8225
1, 3, -423.217, 142.967, 281.912
1, 4, -178.506, 35.8091, 143.017
1, 5, -259.151, -180.366, 96.4144
1, 6, -155.716, 358.451, 91.2038
1, 7, 184.982, -2.85096, -262.232
1, 8, 73.6861, 36.3121, 60.1546
1, 9, -9.74754, -288.466, -412.351
1, 10, 260.559, 261.874, 118.539
1, 11, -71.1277, -95.2711, -160.401
1, 12, -122.992, -53.3152, 351.5
1, 13, -277.047, -463.873, 338.551
1, 14, -346.816, 469.608, 459.729
1, 15, 386.635, 297.409, -263.451
1, 16, -42.3983, -6.89561, -395.338
1, 17, -25.6349, -82.8812, -494.32
1, 18, 169.069, -169.67, 320.156
1, 19, 221.931, 358.265, 50.8562
1, 20, -927.134, 445.56, 458.111
1, 21, -53.5128, 512, -299.975
1, 22, 102.557, 146.24, 172.32
1, 23, -427.597, 337.807, -487.769
1, 24, 85.9317, 281.195, -119.669
1, 25, 211.134, -504.839, 214.064
1, 26, -61.1671, -35.4521, -145.997
1, 27, 271.822, 202.768, 125.531
1, 28, 21.3346, 69.8673, -7.32519
1, 29, 14.7849, 98.1958, 383.193
1, 30, -7.13651, 34.4203, -58.0573
1, 31, -34.3673, -11.3573, 42.6568
1, 32, -117.839, 318.105, 33.727
1, 33, -389.016, -11.2474, 395.358
1, 34, -422.297, 497.129, 512
1, 35, 500.624, -512, 169.683
1, 36, 130.689, -141.189, 150.895
1, 37, -241.934, 158.635, -255.308
1, 38, 591.249, 156.011, 415.892
1, 39, 55.7048, 179.655, -221.142
1, 40, -72.5162, 512, -338.741
1, 41, 483.837, -46.6748, 512
1, 42, -143.444, 265.791, -185.296
1, 43, -182.458, 237.634, 16.7961
1, 44, 171.733, -172.409, 361.426
1, 45, -282.384, 213.565, 512
1, 46, -551.827, -145.441, -512
1, 47, 50.2997, -213.833, -22.2359
1, 48, 8.14819, -71.4286, 142.237
1, 49, -365.871, 215.645, -284.327
1, 50, 493.02, -455.651, -512
1, 51, 415.805, 46.4365, -512
1, 52, -457.447, 512, -260.762
1, 53, 50.5615, 362.76, 317.335
1, 54, 58.6925, -512, 70.3862
1, 55, -112.594, 186.728, -302.862
1, 56, -216.951, 95.6642, 121.958
1, 57, -201.706, -433.042, 33.443
1, 58, -95.7769, 218.35, 499.687
1, 59, 247.66, -92.5662, -202.238
1, 60, -268.25, 70.993, 367.933
1, 61, 25.4675, 43.4164, -431.488
1, 62, 357.518, -224.901, 173.878
1, 63, 108.172, -320.822, 260.441
1, 64, 45.0382, 330.027, -314.909
1, 65, -338.352, 130.13, -405.885
1, 66, 67.0232, -314.865, 233.625
1, 67, 1049.13, -512, 512
1, 68, 312.648, 350.046, 14.6955
1, 69, -632.307, 266.665, -468.164
1, 70, -113.392, 31.1808, 121.178
1, 71, 36.2686, 117.754, 369.991
1, 72, -107.103, 365.291, 401.489
1, 73, -23.1082, -145.989, -167.474
1, 74, 285.096, -29.4123, 287.143
1, 75, -260.039, 16.5863, -342.269
1, 76, -74.2218, -361.653, 334.693
1, 77, 126.742, -512, -205.514
1, 78, 184.768, -43.2109, 103.391
1, 79, 149.463, -443.045, 317.762
1, 80, -88.9798, -348.722, -147.295
1, 81, -117.499, 475.886, 61.2658
1, 82, 117.734, 209.971, 44.2455
1, 83, -171.91, 401.089, -118.258
1, 84, 360.099, 400.238, -487.803
1, 85, -164.619, 186.592, 274.534
1, 86, 215.324, 171.234, -176.8
1, 87, 18.8693, 56.1577, -11.2005
1, 88, -394.488, 347.798, -117.638
1, 89, 135.582, 189.451, 150.529
1, 90, -240.158, -303.809, -70.9332
1, 91, -198.537, 61.205, -206.543
1, 92, -261.646, -396.828, -181.24
1, 93, 53.7436, -12.7959, 448.577
1, 94, -454.516, -48.7117, 407.129
1, 95, -399.867, -298.235, -494.36
1, 96, 232.702, 28.753, 268.386
1, 97, -367.12, -436.881, -393.043
1, 98, 19.9964, -200.159, -451.046
1, 99, 236.888, -195.82, 148.879
2, 0, -134.879, 90.2837, -199.473
2, 1, -170.638, -61.0023, -348.135
2, 2, -221.383, -58.3753, -321.123
2, 3, -425.703, 142.862, 281.892
2, 4, 228.066, 193.09, -136.83
2, 5, 126.02, -19.2957, 96.0496
2, 6, 42.0021, 221.596, -76.5397
2, 7, -168.772, -336.066, -116.509
2, 8, -50.0501, -4.84052, 122.267
2, 9, 345.912, -53.8767, -431.097
2, 10, 51.409, 98.9065, -248.48
2, 11, -9.08625, 4.0742, -297.058
2, 12, -233.831, -39.4051, 356.445
2, 13, -277.075, -463.946, 338.695
2, 14, -346.74, 469.61, 459.642
2, 15, -142.156, -473.531, -179.916
2, 16, 185.621, 120.796, -307.605
2, 17, -25.7315, -52.1243, -512
2, 18, 243.324, -66.0543, 322.702
2, 19, 129.529, -195.48, -21.5046
2, 20, -927.039, 445.468, 458.107
2, 21, -293.074, 412.399, 199.045
2, 22, 127.636, 138.124, -309.938
2, 23, -427.513, 337.668, -487.722
2, 24, -194.71, 319.853, -102.959
2, 25, -76.8533, 502.166, -20.5785
2, 26, 62.4372, 49.9134, -114.868
2, 27, 184.186, 216.296, 198.353
2, 28, 7.18519, 55.5179, 69.2555
2, 29, -297.646, 123.371, 330.928
2, 30, 306.292, 78.9859, -287.305
2, 31, -234.362, 20.9242, -338.692
2, 32, 164.243, 334.587, 20.9812
2, 33, -388.892, -11.3644, 395.304
2, 34, -422.537, 496.993, 512
2, 35, 556.42, 325.606, 392.675
2, 36, 61.0621, -92.0658, 89.2476
2, 37, -241.072, -171.654, -255.723
2, 38, -499.083, 324.405, 203.772
2, 39, -448.072, 251.394, -512
2, 40, -520.851, 232.476, -472.078
2, 41, -263.541, 296.397, -153.59
2, 42, 33.0712, 244.25, -54.8125
2, 43, -239.529, 231.973, -256.31
2, 44, 286.843, -90.4489, 267.536
2, 45, -282.286, 213.708, 511.904
2, 46, -551.797, -145.406, -512
2, 47, 8.78756, -70.9401, -27.2563
2, 48, -282.896, -65.0656, 179.137
2, 49, -362.254, 215.764, -284.455
2, 50, -223.512, -39.7063, -357.827
2, 51, 394.373, -118.087, -400.415
2, 52, -457.353, 511.91, -260.795
2, 53, -210.795, 512, 104.994
2, 54, 210.984, 134.861, 378.321
2, 55, -373.948, 83.3163, -407.349
2, 56, 290.331, 304.331, 341.688
2, 57, -483.078, -106.879, 446.764
2, 58, 373.433, -20.4911, 484.685
2, 59, 54.5366, 224.845, 81.0007
2, 60, -268.201, 71.0948, 367.911
2, 61, -160.332, -35.7182, 155.52
2, 62, -383.252, 45.6983, 346.413
2, 63, 88.6883, -160.995, 512
2, 64, 440.734, 318.886, -285.827
2, 65, -341.14, 130.238, -405.756
2, 66, -174.662, -403.956, 334.648
2, 67, -133.073, 310.943, 175.35
2, 68, 87.9012, 182.586, 31.6755
2, 69, -632.282, 266.734, -468.074
2, 70, 235.656, 87.164, 198.43
2, 71, -398.92, 40.01, 367.876
2, 72, 14.5672, 6.71919, -30.462
2, 73, -102.836, -22.631, -154.855
2, 74, 41.5252, 219.966, 74.051
2, 75, -259.977, 16.5108, -342.127
2, 76, -332.969, -512, 359.017
2, 77, -418.102, -512, -424.355
2, 78, 338.914, -48.8948, 274.396
2, 79, -605.242, -512, 277.387
2, 80, -150.489, 174.037, -68.4152
2, 81, -231.4, 187.581, 64.3713
2, 82, -7.89938, 88.976, 38.4689
2, 83, 426.72, 435.781, -512
2, 84, -164.619, 186.592, 274.534
2, 85, 142.382, 107.867, 228.797
2, 86, 18.8693, 56.1577, -11.2005
2, 87, -241.036, -184.573, 99.7929
2, 88, -394.514, 347.853, -117.594
2, 89, -551.694, 329.245, 212.385
2, 90, 194.951, -227.126, 97.2012
2, 91, -351.768, 339.784, -104.688
2, 92, -261.57, -396.831, -181.108
2, 93, -129.857, -46.139, -295.944
2, 94, -454.412, -48.7991, 406.984
2, 95, -399.812, -298.227, -494.281
2, 96, -367.12, -436.881, -393.043
2, 97, -367.254, -436.94, -393.175
2, 98, -415.707, -406.667, -350.332
2, 99, -251.801, -292.517, -27.1506
3, 0, 249.287, 90.8549, -272.543
3, 1, -124.382, -306.509, -512
3, 2, -368.824, -325.864, -388.361
3, 3, -425.701, 142.786, 281.963
3, 4, -20.8786, 209.27, -0.449461
3, 5, -40.2037, 42.3166, -95.3795
3, 6, 324.33, 512, -136.332
3, 7, 60.8089, -267.927, -74.7095
3, 8, -11.8359, 214.317, 118.638
3, 9, 51.409, 98.9065, -248.48
3, 10, 6.30442, -278.605, -353.67
3, 11, 149.463, -10.8785, -512
3, 12, 164.708, 87.1031, -459.301
3, 13, 548.761, -456.369, 512
3, 14, -279.941, 512, 464.154
3, 15, -464.458, -512, -272.682
3, 16, -241.023, 151.703, -427.92
3, 17, 67.0247, 43.3164, -435.17
3, 18, 129.529, -195.48, -21.5046
3, 19, -45.9911, -314.486, -15.1062
3, 20, -927.12, 445.484, 458.174
3, 21, -135.505, 375.734, 275.623
3, 22, 18.5902, -59.6179, -94.8846
3, 23, -427.49, 337.61, -487.719
3, 24, -278.463, 324.242, -115.283
3, 25, -83.4205, 110.225, -2.10726
3, 26, 66.7562, 88.6273, 32.622
3, 27, 11.0633, 59.3716, -92.5246
3, 28, -151.672, -106.789, -135.466
3, 29, 78.941, -262.155, 186.22
3, 30, 633.953, 174.58, 433.884
3, 31, 159.041, 287.738, -342.335
3, 32, -278.622, -399.188, -182.1
3, 33, -388.88, -11.455, 395.356
3, 34, -422.225, 497.056, 512
3, 35, 96.7108, 358.028, 177.173
3, 36, -164.373, -218.639, 49.5787
3, 37, -266.791, 82.4486, -357.72
3, 38, -498.939, 324.328, 203.688
3, 39, -448.155, 251.477, -512
3, 40, -520.907, 232.534, -472.108
3, 41, -107.834, 393.314, -18.6075
3, 42, 73.4693, 118.783, -331.848
3, 43, -362.529, 239.564, -512
3, 44, -309.258, 490.17, -329.055
3, 45, 246.78, 93.3844, 512
3, 46, -551.687, -145.341, -511.939
3, 47, -306.609, -76.526, 194.105
3, 48, -301.76, 198.73, 512
3, 49, -280.184, 229.389, -512
3, 50, 211.072, 3.02093, -512
3, 51, 107.092, -307.797, -113.207
3, 52, -457.284, 511.832, -260.758
3, 53, 102.152, 176.593, -383.101
3, 54, 135.755, -204.632, -70.3017
3, 55, 383.127, -232.452, -327.54
3, 56, 161.023, 216.678, -406.052
3, 57, -483.166, -106.974, 446.801
3, 58, 54.5366, 224.845, 81.0007
3, 59, -25.1728, -105.668, 65.3758
3, 60, 339.101, 136.784, 390.495
3, 61, -188, -42.0781, 352.597
3, 62, -434.407, 267.736, 214.794
3, 63, 172.44, -137.78, 41.932
3, 64, 27.9387, 369.188, 439.106
3, 65, -273.558, 60.2897, -355.67
3, 66, -230.345, -469.572, 74.7385
3, 67, 104.005, 270.926, 196.177
3, 68, 179.047, 78.7434, 225.576
3, 69, -632.326, 266.762, -468.094
3, 70, 271.614, 253.277, 79.9404
3, 71, -399.012, 40.0768, 367.941
3, 72, 48.0356, 76.7276, 19.5003
3, 73, -183.45, 148.515, -92.5946
3, 74, -275.622, 141.554, 265.842
3, 75, 484.17, -240.447, -360.397
3, 76, 1049.13, -512, 512
3, 77, -418.104, -511.999, -424.257
3, 78, -88.9798, -348.722, -147.295
3, 79, -605.197, -511.907, 277.399
3, 80, -128.242, 175.085, -95.6094
3, 81, -215.15, 250.373, 29.6276
3, 82, 360.641, -94.1932, 512
3, 83, -164.619, 186.592, 274.534
3, 84, 563.255, 15.2051, 503.439
3, 85, 18.8693, 56.1577, -11.2005
3, 86, 179.332, -258.275, 66.7202
3, 87, 34.7824, -155.86, 201.814
3, 88, -394.464, 347.794, -117.608
3, 89, -552.661, 329.257, 212.344
3, 90, -261.646, -396.828, -181.24
3, 91, -3.81971, 350.95, 378.486
3, 92, -275.571, -483.282, -244.443
3, 93, -220.548, -240.619, -251.151
3, 94, -454.46, -48.7935, 407.037
3, 95, -399.893, -298.312, -494.358
3, 96, -19.422, -512, -326.927
3, 97, -12.4227, -512, -216.39
3, 98, -415.748, -406.724, -350.338
3, 99, 188.238, -224.962, -84.2105
4, 0, -142.966, -326.212, -447.028
4, 1, 737.278, -512, -512
4, 2, -15.7209, -512, -458.096
4, 3, -425.728, 142.817, 281.962
4, 4, 295.562, 259.647, 83.4101
4, 5, 18.2694, -58.6455, -63.3916
4, 6, 311.267, -493.748, -91.5253
4, 7, -20.647, -376.475, -71.553
4, 8, -235.855, 112.666, 338.998
4, 9, 240.825, -266.184, -313.857
4, 10, -192.321, -270.699, -495.618
4, 11, -103.346, -15.3981, 137.284
4, 12, -0.976653, 4.7795, -296.513
4, 13, -142.156, -473.531, -179.916
4, 14, 443.173, 512, -124.177
4, 15, -464.433, -511.978, -272.745
4, 16, 55.1257, 14.5397, -416.677
4, 17, 293.711, 40.7372, -457.94
4, 18, 21.6623, -471.465, -37.2452
4, 19, -81.3649, -311.888, -335.418
4, 20, -927.194, 445.487, 458.247
4, 21, 499.147, 466.766, 271.263
4, 22, 16.7739, 62.7548, -78.827
4, 23, -427.519, 337.684, -487.722
4, 24, 2.44067, -173.837, -128.362
4, 25, 134.145, 171.255, -168.696
4, 26, -74.5809, 50.0719, 106.948
4, 27, -194.899, -1.62895, 165.187
4, 28, -169.028, 119.894, 130.354
4, 29, -79.4769, -85.9228, -337.777
4, 30, -126.975, 431.37, 12.5149
4, 31, -278.622, -399.188, -182.1
4, 32, 397.863, -512, 103.413
4, 33, -282.285, 165.501, -266.853
4, 34, -422.277, 497.109, 512
4, 35, 209.918, 512, 138.563
4, 36, -466.147, -404.514, -139.013
4, 37, -124.304, 461.844, -363.931
4, 38, -498.95, 324.39, 203.651
4, 39, -448.198, 251.521, -512
4, 40, -520.888, 232.525, -472.092
4, 41, 166.092, 328.471, 253.881
4, 42, 176.868, 167.066, -333.247
4, 43, -535.543, 266.543, -512
4, 44, -159.314, 254.691, -432.116
4, 45, 580.026, 331.718, 312.472
4, 46, -551.718, -145.34, -511.975
4, 47, -234.243, 97.8468, 119.28
4, 48, -232.533, 253.838, 512
4, 49, 124.077, 400.354, -512
4, 50, 107.092, -307.797, -113.207
4, 51, -334.48, -512, -244.703
4, 52, -457.344, 511.881, -260.698
4, 53, 398.417, 451.804, -437.612
4, 54, -4.75918, -255.561, 153.1
4, 55, 161.023, 216.678, -406.052
4, 56, 257.563, -486.695, 191.818
4, 57, -483.157, -106.941, 446.813
4, 58, 186.072, -203.76, 145.052
4, 59, -707.609, -389.904, -409.72
4, 60, -383.252, 45.6983, 346.413
4, 61, -702.297, -273.248, 512
4, 62, -434.446, 267.745, 214.831
4, 63, 27.9387, 369.188, 439.106
4, 64, -126.168, 512, 512
4, 65, 127.689, 178.352, -381.851
4, 66, -146.991, -206.972, 41.1563
4, 67, 42.9365, 190.927, 149.716
4, 68, -168.606, 142.752, -104.779
4, 69, -632.348, 266.799, -468.082
4, 70, 342.483, 341.914, 336.511
4, 71, -394.949, 40.1374, 367.948
4, 72, 148.491, -176.202, -36.7088
4, 73, -96.4648, 203.07, 345.601
4, 74, -31.2448, 277.758, 261.667
4, 75, 82.8612, -125.658, -186.489
4, 76, 555.618, 6.20784, 503.2
4, 77, -418.104, -512, -424.278
4, 78, -91.4239, 211.337, -68.4036
4, 79, -605.185, -511.876, 277.405
4, 80, -148.515, 196.133, -235.951
4, 81, 180.742, 166.295, -210.782
4, 82, -164.619, 186.592, 274.534
4, 83, -295.627, 201.954, 512
4, 84, 18.8693, 56.1577, -11.2005
4, 85, 171.199, -80.718, 103.858
4, 86, 135.582, 189.451, 150.529
4, 87, 381.654, -219.352, 173.391
4, 88, -319.274, 270.554, 34.4015
4, 89, -552.582, 329.199, 212.318
4, 90, -643.005, -413.413, -432.55
4, 91, -214.957, 346.249, -329.605
4, 92, -540.137, -512, 13.8948
4, 93, 239.243, -243.861, -378.673
4, 94, -454.431, -48.8575, 406.979
4, 95, -399.946, -298.342, -494.424
4, 96, 187.881, -512, -369.138
4, 97, 187.244, -512, -200.715
4, 98, -415.721, -406.69, -350.329
4, 99, 387.405, 213.92, -384.814
5, 0, 737.278, -512, -512
5, 1, -333.181, -388.155, 359.336
5, 2, 4.8678, -346.423, -458.89
5, 3, -127.396, 73.5809, 126.048
5, 4, -168.772, -336.066, -116.509
5, 5, -43.5292, 130.464, 10.16
5, 6, -298.017, 406.896, -25.1335
5, 7, 216.097, -322.832, 56.7572
5, 8, -766.051, 408.409, 428.687
5, 9, -8.40102, -17.3439, -197.727
5, 10, -632.633, -512, 390.601
5, 11, -136.198, -18.129, 333.644
5, 12, 244.344, 176.732, -354.674
5, 13, 465.876, -443.719, -300.522
5, 14, -241.023, 151.703, -427.92
5, 15, -464.455, -512, -272.735
5, 16, 107.738, -111.116, -450.805
5, 17, -45.9911, -314.486, -15.1062
5, 18, -103.054, -477.988, -260.845
5, 19, -58.0276, -279.207, -507.997
5, 20, -927.157, 445.432, 458.266
5, 21, -27.0734, -293.286, 13.5471
5, 22, -115.155, -274.823, -61.4167
5, 23, -427.529, 337.72, -487.717
5, 24, -112.426, -218.351, -275.436
5, 25, 226.742, 92.0249, -269.768
5, 26, 137.077, -228.24, -103.28
5, 27, -110.876, 140.459, 512
5, 28, 478.98, 150.301, 453.772
5, 29, 374.736, 211.048, -342.036
5, 30, 375.694, 512, 199.066
5, 31, 313.537, -512, 144.344
5, 32, 556.42, 325.606, 392.675
5, 33, 199.426, 361.249, -15.9327
5, 34, 2.22216, 512, 507.935
5, 35, -499.083, 324.405, 203.772
5, 36, -466.24, -404.56, -139.063
5, 37, -286.837, -254.746, -474.845
5, 38, -498.959, 324.424, 203.633
5, 39, -448.186, 251.513, -511.988
5, 40, -520.843, 232.54, -472.038
5, 41, -204.361, 157.286, 512
5, 42, -139.954, -308.604, -512
5, 43, -535.556, 266.557, -512
5, 44, 650.178, 421.398, -480.869
5, 45, 168.919, 12.5783, -242.638
5, 46, -551.702, -145.292, -512
5, 47, 305.168, 84.7631, 512
5, 48, -673.861, 323.657, 512
5, 49, 522.472, 512, -512
5, 50, -101.415, -512, -67.4944
5, 51, -106.74, 162.796, 350.699
5, 52, -457.319, 511.858, -260.707
5, 53, 703.743, 423.64, -469.634
5, 54, -54.2728, 41.0977, -88.9183
5, 55, 244.521, 512, -445.745
5, 56, 54.5366, 224.845, 81.0007
5, 57, -483.125, -106.9, 446.804
5, 58, -152.418, -407.428, 421.301
5, 59, -707.563, -389.899, -409.68
5, 60, -394.608, -228.65, 512
5, 61, -702.293, -273.241, 512
5, 62, -434.524, 267.788, 214.883
5, 63, -126.168, 512, 512
5, 64, -166.813, 30.1392, 161.3
5, 65, 288.809, 190.974, -339.969
5, 66, 38.9497, -347.96, 103.502
5, 67, 62.6707, 170.11, 108.769
5, 68, -25.4187, -181.142, -131.003
5, 69, -632.346, 266.839, -468.043
5, 70, 439.62, 413.595, 47.1567
5, 71, 359.172, -109.404, 285.548
5, 72, 495.864, -430.612, 200.284
5, 73, -151.311, 116.264, 349.8
5, 74, 325.673, 343.656, 395.854
5, 75, 84.2771, -126.907, 499.995
5, 76, -88.9798, -348.722, -147.295
5, 77, 176.532, -511.997, -371.843
5, 78, 45.5554, 9.25138, -106.738
5, 79, -605.144, -511.829, 277.391
5, 80, -36.8172, -98.7882, -335.939
5, 81, -75.1115, 225.663, 16.1118
5, 82, -42.7731, 213.747, 295.132
5, 83, -288.035, 209.071, 512
5, 84, 112.286, -329.788, 103.864
5, 85, -91.5483, -91.3326, 157.276
5, 86, -92.7972, 360.486, 217.926
5, 87, -198.537, 61.205, -206.543
5, 88, 346.955, 512, -134.661
5, 89, -552.633, 329.197, 212.37
5, 90, -642.976, -413.419, -432.502
5, 91, 522.472, 512, -512
5, 92, -540.165, -511.997, 13.9262
5, 93, -367.12, -436.881, -393.043
5, 94, -454.389, -48.8809, 406.926
5, 95, -209.41, -307.942, -201.777
5, 96, -251.801, -292.517, -27.1506
5, 97, 153.825, 235.014, 60.2628
5, 98, -6.70284, -281.434, -512
5, 99, 27.3594, 150.369, 243.474
6, 0, -333.181, -388.155, 359.336
6, 1, -340.6, -388.857, 360.011
6, 2, -361.369, -225.909, -512
6, 3, -140.495, 377.783, 247.966
6, 4, 380.384, -512, -181.697
6, 5, 174.588, 187.268, 4.02248
6, 6, -140.401, 229.387, -44.0711
6, 7, 50.6565, -480.718, -48.2894
6, 8, -766.034, 408.407, 428.667
6, 9, -60.4015, -68.3957, 229.784
6, 10, -632.61, -512, 390.572
6, 11, -370.854, 163.785, 282.333
6, 12, 61.5067, -396.812, 321.737
6, 13, -241.023, 151.703, -427.92
6, 14, 144.282, 75.3175, -316.957
6, 15, -464.454, -512, -272.737
6, 16, 303.764, -47.4169, -478.257
6, 17, 62.6051, -226.956, -34.4624
6, 18, 45.93, -443.827, -124.4
6, 19, 956.506, -512, -496.774
6, 20, -927.13, 445.403, 458.267
6, 21, -496.714, -507.799, 25.6781
6, 22, -64.7171, 82.073, -39.3944
6, 23, -293.706, 383.211, -121.236
6, 24, -253.381, -252.402, -275.923
6, 25, -62.0731, 145.706, -128.51
6, 26, -368.879, -393.43, -119.541
6, 27, 84.5547, 183.565, -318.515
6, 28, -126.975, 431.37, 12.5149
6, 29, -278.622, -399.188, -182.1
6, 30, 43.5942, -463.992, 265.763
6, 31, 556.42, 325.606, 392.675
6, 32, 96.7108, 358.028, 177.173
6, 33, 39.9901, 512, -20.0501
6, 34, -35.6916, -136.81, 191.05
6, 35, -499.011, 324.366, 203.73
6, 36, -466.226, -404.519, -139.088
6, 37, 542.34, 83.2961, -512
6, 38, -498.965, 324.418, 203.643
6, 39, 148.265, 53.9264, 203.6
6, 40, -520.878, 232.551, -472.069
6, 41, -448.827, -380.565, 512
6, 42, -380.265, -223.41, -512
6, 43, -535.568, 266.59, -511.969
6, 44, 168.919, 12.5783, -242.638
6, 45, -260.952, 67.825, -415.732
6, 46, -551.705, -145.296, -512
6, 47, 394.373, -118.087, -400.415
6, 48, -673.839, 323.627, 511.989
6, 49, 65.679, -398.136, 189.717
6, 50, -41.1226, -340.93, -232.38
6, 51, 102.597, 74.7019, 415.499
6, 52, -457.35, 511.899, -260.752
6, 53, 161.023, 216.678, -406.052
6, 54, -21.2994, 2.14768, -70.3645
6, 55, 54.5366, 224.845, 81.0007
6, 56, -218.162, -79.3729, 169.06
6, 57, -483.184, -106.94, 446.845
6, 58, 210.941, -347.269, -210.138
6, 59, -707.581, -389.874, -409.719
6, 60, -339.366, -214.821, 479.665
6, 61, -702.273, -273.205, 512
6, 62, -418.138, 512, 82.2627
6, 63, 142.819, 112.817, 161.3
6, 64, 353.016, 201.941, 135.19
6, 65, 158.131, 236.653, 309.35
6, 66, 365.176, -199.764, 189.867
6, 67, -155.951, 33.0585, 161.555
6, 68, -239.087, 281.738, 9.16537
6, 69, -632.377, 266.88, -468.038
6, 70, 41.5252, 219.966, 74.051
6, 71, -472.55, -257.733, 487.156
6, 72, 335.208, -366.241, -15.143
6, 73, -147.58, 35.485, 310.292
6, 74, 555.618, 6.20784, 503.2
6, 75, 556.51, 18.8644, 512
6, 76, 184.375, -500.483, -82.9336
6, 77, -648.49, -426.131, -358.25
6, 78, -388.202, -302.618, -214.544
6, 79, -605.077, -511.79, 277.344
6, 80, -112.577, 55.1556, 118.719
6, 81, 186.058, 75.474, 198.475
6, 82, -68.5357, 239.156, 291.563
6, 83, -350.138, 287.426, 512
6, 84, 37.6373, -75.9666, 139.092
6, 85, 121.762, 85.815, 235.828
6, 86, -271.445, 356.174, 223.687
6, 87, -326.634, 41.1063, -367.5
6, 88, 53.7436, -12.7959, 448.577
6, 89, -551.672, 329.193, 212.41
6, 90, -643.036, -413.448, -432.551
6, 91, 232.702, 28.753, 268.386
6, 92, -540.13, -512, 13.8878
6, 93, -410.875, -512, -288.275
6, 94, 48.6758, 87.1369, 248.157
6, 95, -262.11, -247.663, -189.539
6, 96, -25.2116, 76.7191, -54.6457
6, 97, 179.215, -77.098, -187.995
6, 98, -102.982, -87.829, -150.61
6, 99, -182.567, 199.414, -38.5998
7, 0, -340.601, -388.855, 360.011
7, 1, -267.382, -409.349, 339.308
7, 2, 737.278, -512, -512
7, 3, -72.8663, 512, 289.816
7, 4, -298.017, 406.896, -25.1335
7, 5, 51.409, 98.9065, -248.48
7, 6, 357.326, 313.855, 142.238
7, 7, -277.904, -485.242, -219.324
7, 8, -766.047, 408.386, 428.708
7, 9, 189.275, -63.6314, 115.772
7, 10, -632.599, -512, 390.557
7, 11, -153.439, 441.978, 426.654
7, 12, 291.109, -214.073, 349.544
7, 13, 118.128, 141.843, -310.043
7, 14, -305.08, -19.7926, -338.825
7, 15, -422.753, -512, -286.793
7, 16, -289.354, 82.4003, 342.152
7, 17, -406.038, -213.479, -501.176
7, 18, -338.674, -512, -42.14
7, 19, -27.0734, -293.286, 13.5471
7, 20, -927.17, 445.445, 458.266
7, 21, -496.694, -507.774, 25.6816
7, 22, -42.6934, -104.371, -11.0122
7, 23, -171.902, 279.892, -147.785
7, 24, 403.638, -350.301, -318.403
7, 25, -558.297, 315.398, -512
7, 26, 341.694, -347.171, 394.592
7, 27, 94.8881, 302.223, -305.75
7, 28, -72.7934, 512, -165.134
7, 29, 419.23, -512, -123.19
7, 30, 215.687, 37.387, 218.171
7, 31, 96.7108, 358.028, 177.173
7, 32, 455.305, 512, 170.384
7, 33, 95.481, -136.81, 143.369
7, 34, -239.205, 154.202, 339.968
7, 35, -499.017, 324.402, 203.709
7, 36, 236.126, -328.518, -334.392
7, 37, 206.678, -61.3825, 103.834
7, 38, -499.012, 324.429, 203.682
7, 39, 343.46, 112.351, 198.128
7, 40, -520.925, 232.592, -472.097
7, 41, -135.81, -195.163, 512
7, 42, 12.7598, 134.598, -69.9202
7, 43, -535.581, 266.591, -511.99
7, 44, 309.789, 407.029, -436.047
7, 45, 554.779, 112.791, -512
7, 46, -551.713, -145.306, -512
7, 47, 107.092, -307.797, -113.207
7, 48, -673.838, 323.594, 512
7, 49, 208.368, 81.1429, 207.636
7, 50, 3.78645, -512, -328.413
7, 51, -205.43, 156.861, 512
7, 52, 532.217, 78.6818, -512
7, 53, 257.563, -486.695, 191.818
7, 54, -137.492, -62.6066, -140.233
7, 55, -235.393, 291.863, 16.9981
7, 56, 221.062, 12.7681, 451.25
7, 57, -483.206, -106.936, 446.874
7, 58, 245.182, 251.87, -406.968
7, 59, -707.556, -389.869, -409.698
7, 60, 20.2144, 173.997, 242.997
7, 61, -702.257, -273.235, 511.968
7, 62, -0.810133, -57.7162, -68.6074
7, 63, -18.4999, 255.171, 161.862
7, 64, 158.131, 236.653, 309.35
7, 65, -168.606, 142.752, -104.779
7, 66, 271.614, 253.277, 79.9404
7, 67, 500.88, 308.45, 356.567
7, 68, 342.146, -359.264, 33.8675
7, 69, -632.387, 266.898, -468.032
7, 70, 208.631, 172.703, 138.929
7, 71, -472.545, -257.764, 487.155
7, 72, 82.8612, -125.658, -186.489
7, 73, 106.278, 38.4483, -139.912
7, 74, -88.9798, -348.722, -147.295
7, 75, -117.499, 475.886, 61.2658
7, 76, 117.734, 209.971, 44.2455
7, 77, -648.466, -426.097, -358.259
7, 78, 88.275, -466.295, -432.145
7, 79, -605.089, -511.775, 277.367
7, 80, 94.077, -133.112, 150.846
7, 81, 18.8693, 56.1577, -11.2005
7, 82, 203.593, 234.697, 467.023
7, 83, -452.973, 300.809, 512
7, 84, 29.9006, 41.0876, 87.4337
7, 85, 414.442, 70.2943, 458.135
7, 86, -469.381, 425.368, 468.545
7, 87, -161.213, 34.0262, 132.951
7, 88, -230.226, -44.0203, -315.249
7, 89, -552.605, 329.168, 212.369
7, 90, -643.018, -413.445, -432.528
7, 91, -367.12, -436.881, -393.043
7, 92, -540.093, -512, 13.8501
7, 93, -113.773, -512, -224.4
7, 94, -50.1058, 219.937, 288.467
7, 95, 53.1672, 4.09146, -106.968
7, 96, 167.628, -69.4961, -480.507
7, 97, 27.3594, 150.369, 243.474
7, 98, -16.4327, -107.507, -109.337
7, 99, -126.8, 289.04, -431.638
8, 0, 570.442, -369.611, 257.01
8, 1, 76.2954, -342.128, 353.406
8, 2, 311.267, -493.748, -91.5253
8, 3, 142.859, -166.667, 312.063
8, 4, 205.754, 414.347, -259.735
8, 5, 219.297, -367.66, -331.06
8, 6, -8.40102, -17.3439, -197.727
8, 7, -471.488, -474.24, 15.6003
8, 8, -766.03, 408.387, 428.687
8, 9, 187.664, 73.1624, 225.954
8, 10, -632.617, -512, 390.581
8, 11, 404.481, 313.289, 355.324
8, 12, 182.132, -226.437, 89.956
8, 13, -103.895, 391.478, -321.851
8, 14, 182.534, -195.716, -333.715
8, 15, 55.9491, -386.69, -437.291
8, 16, 40.0632, 95.5677, -246.092
8, 17, -98.8719, 59.9411, -336.589
8, 18, -444.666, -512, -28.8996
8, 19, 249.06, -384.896, 31.6674
8, 20, -924.708, 445.467, 458.269
8, 21, -496.692, -507.758, 25.6961
8, 22, -12.4724, -68.6095, 17.4225
8, 23, -332.863, -110.908, -294.709
8, 24, 133.066, 310.668, -409.179
8, 25, -558.27, 315.411, -511.968
8, 26, -126.975, 431.37, 12.5149
8, 27, 226.643, 329.779, -248.044
8, 28, -58.5716, 512, -164.221
8, 29, 556.42, 325.606, 392.675
8, 30, 96.7108, 358.028, 177.173
8, 31, 351.175, 512, 202.5
8, 32, -499.083, 324.405, 203.772
8, 33, 450.593, -449.928, 512
8, 34, -430.281, -396.607, 370.852
8, 35, -499.023, 324.424, 203.698
8, 36, 206.678, -61.3825, 103.834
8, 37, -518.804, -73.1696, 414.799
8, 38, -498.995, 324.437, 203.659
8, 39, -309.258, 490.17, -329.055
8, 40, -520.935, 232.601, -472.103
8, 41, -520.593, -245.73, 511.988
8, 42, -30.2308, 118.713, -109.624
8, 43, -535.616, 266.621, -512
8, 44, -223.512, -39.7063, -357.827
8, 45, 394.373, -118.087, -400.415
8, 46, -551.732, -145.328, -512
8, 47, -553.051, -512, 7.43935
8, 48, -673.847, 323.619, 512
8, 49, -293.065, -91.0589, 195.804
8, 50, 171.637, 180.075, -512
8, 51, 560.787, 7.65054, 512
8, 52, 257.563, -486.695, 191.818
8, 53, 54.5366, 224.845, 81.0007
8, 54, 112.578, -341.971, -163.374
8, 55, -25.4607, 512, 293.813
8, 56, -383.252, 45.6983, 346.413
8, 57, -483.17, -106.917, 446.845
8, 58, 181.397, 58.1749, 254.099
8, 59, -707.5, -389.842, -409.666
8, 60, -126.168, 512, 512
8, 61, -702.258, -273.212, 511.98
8, 62, -26.3732, 78.5648, -51.7634
8, 63, 16.8523, -41.6216, -43.8992
8, 64, 194.63, 220.878, 477.437
8, 65, 35.5675, 204.027, -168.36
8, 66, 342.483, 341.914, 336.511
8, 67, 439.62, 413.595, 47.1567
8, 68, 41.5252, 219.966, 74.051
8, 69, -632.337, 266.879, -467.996
8, 70, 362.771, 314.143, 139.574
8, 71, -208.097, -401.813, 512
8, 72, -391.096, -121.951, -506.405
8, 73, 502.434, 334.764, -286.851
8, 74, -196.204, -386.942, -178.69
8, 75, 38.9802, 490.696, 100.217
8, 76, -38.1168, -355.605, 103.688
8, 77, -648.466, -426.068, -358.295
8, 78, -184.079, -230.734, -474.963
8, 79, -605.069, -511.762, 277.354
8, 80, -58.6394, -62.3537, 147.718
8, 81, -306.576, 299.473, 45.9032
8, 82, -638.983, 312.687, 464.449
8, 83, -126.168, 512, 512
8, 84, 68.219, -25.0291, 117.113
8, 85, -261.646, -396.828, -181.24
8, 86, -689.284, 448.795, 400.239
8, 87, 108.944, 74.0532, -320.491
8, 88, -277.855, 228.574, -512
8, 89, -552.626, 329.17, 212.388
8, 90, -643.067, -413.477, -432.557
8, 91, 737.278, -512, -512
8, 92, -540.104, -512, 13.861
8, 93, 25.6509, -512, -213.111
8, 94, 169.248, 353.997, 314.777
8, 95, 166.895, -211.538, -197.781
8, 96, -44.3402, 42.9238, -83.0399
8, 97, 158.542, 318.501, 345.834
8, 98, -326.088, 51.5688, -363.833
8, 99, 203.641, 258.679, -68.9926
9, 0, -168.772, -336.066, -116.509
9, 1, -146.078, -512, 325.056
9, 2, -298.017, 406.896, -25.1335
9, 3, 76.7864, -162.55, 512
9, 4, 231.983, 455.036, 385.021
9, 5, -8.40102, -17.3439, -197.727
9, 6, -171.72, -171.442, 235.692
9, 7, 419.433, -466.74, -98.3503
9, 8, -765.992, 408.356, 428.675
9, 9, -262.482, -145.753, 89.157
9, 10, -632.59, -511.99, 390.553
9, 11, 182.132, -226.437, 89.956
9, 12, -180.644, -467.725, 95.3088
9, 13, -519.371, 468.171, -316.241
9, 14, -109.782, -110.89, 231.447
9, 15, -414.479, -363.05, 184.64
9, 16, -48.2137, 512, -304.35
9, 17, -207.109, -58.5844, -340.066
9, 18, -209.975, -277.787, -50.639
9, 19, -277.305, 304.963, 42.5252
9, 20, -924.735, 445.481, 458.282
9, 21, -138.341, -465.733, 122.862
9, 22, 26.7836, -251.541, -226.352
9, 23, -264.631, -302.131, -243.907
9, 24, -63.7384, 379.317, -320.344
9, 25, -558.279, 315.439, -511.967
9, 26, 375.692, 512, 199.062
9, 27, 43.5942, -463.992, 265.763
9, 28, -190.769, -84.5563, -313.051
9, 29, 96.7108, 358.028, 177.173
9, 30, -323.459, 397.846, 125.043
9, 31, -499.083, 324.405, 203.772
9, 32, -745.712, 331.36, 512
9, 33, 153.545, 423.468, -252.541
9, 34, -563.872, -251.157, 512
9, 35, -524.053, 323.858, 205.455
9, 36, 384.255, 132.535, 464.166
9, 37, 557.001, -0.993492, 512
9, 38, 469.031, -476.106, 156.297
9, 39, -556.932, 310.779, -471.98
9, 40, -520.926, 232.623, -472.083
9, 41, -520.578, -245.729, 511.972
9, 42, 93.1186, 209.268, 199.065
9, 43, -535.613, 266.618, -512
9, 44, -242.698, -95.4389, -512
9, 45, 107.092, -307.797, -113.207
9, 46, -551.742, -145.354, -511.988
9, 47, -553.056, -511.978, 7.46572
9, 48, -673.838, 323.605, 511.995
9, 49, 331.597, 355.625, 8.26067
9, 50, -354.379, -112.806, -512
9, 51, 257.563, -486.695, 191.818
9, 52, 54.5366, 224.845, 81.0007
9, 53, 50.3889, 214.274, 63.4684
9, 54, 212.345, -379.157, -47.5942
9, 55, -405.434, 493.558, 15.1093
9, 56, 526.639, 185.133, 452.964
9, 57, -87.18, -94.8821, 479.18
9, 58, 96.9605, -184.077, -7.25337
9, 59, -707.545, -389.865, -409.691
9, 60, -558.365, -109.739, 431.638
9, 61, -702.253, -273.2, 511.983
9, 62, 70.8791, -194.402, -12.1143
9, 63, 40.3317, -84.2185, -50.4039
9, 64, -766.514, 331.985, 474.446
9, 65, 58.1068, 284.05, 77.3289
9, 66, 439.62, 413.595, 47.1567
9, 67, 41.5252, 219.966, 74.051
9, 68, -200.934, 196.481, -483.563
9, 69, -632.317, 266.855, -467.997
9, 70, 82.8612, -125.658, -186.489
9, 71, -437.513, -393.173, -455.068
9, 72, 133.411, -15.8116, -512
9, 73, -117.499, 475.886, 61.2658
9, 74, -166.945, -95.5463, -119.003
9, 75, 65.3226, 364.138, 74.3143
9, 76, -369.371, 239.395, 238.191
9, 77, -648.44, -426.056, -358.277
9, 78, -620.103, -185.299, -512
9, 79, -605.066, -511.758, 277.353
9, 80, -505.632, 298.028, 254.319
9, 81, -128.005, 305.381, -118.112
9, 82, -638.96, 312.667, 464.445
9, 83, -39.6807, 417.588, 512
9, 84, -222.442, -295.24, -22.6688
9, 85, 291.44, -415.633, -15.2134
9, 86, -689.3, 448.792, 400.265
9, 87, 201.56, 358.043, -212.257
9, 88, 148.092, 201.938, 24.7571
9, 89, -552.575, 329.141, 212.363
9, 90, -643.099, -413.49, -432.586
9, 91, 236.888, -195.82, 148.879
9, 92, -540.102, -512, 13.8592
9, 93, 35.2992, -50.4373, -186.249
9, 94, -263.355, 170.764, 512
9, 95, -10.4662, -32.5687, -44.2666
9, 96, -360.49, 405.543, -37.487
9, 97, -680.055, 382.272, 512
9, 98, 202.383, 0.355412, -424.199
9, 99, -135.703, -108.039, -483.282
10, 0, 89.793, -512, -208.882
10, 1, 305.14, -132.475, 325.309
10, 2, 77.5413, 410.746, 12.4832
10, 3, 134.177, -173.278, 370.227
10, 4, -8.40102, -17.3439, -197.727
10, 5, -292.88, -187.741, 482.742
10, 6, 162.054, -174.621, 323.471
10, 7, -142.156, -473.531, -179.916
10, 8, -765.985, 408.333, 428.694
10, 9, 52.1706, -112.772, -103.686
10, 10, -632.6, -512, 390.558
10, 11, 129.529, -195.48, -21.5046
10, 12, 243.922, -512, 84.122
10, 13, 585.64, 443.587, -447.045
10, 14, 206.517, -116.454, 505.641
10, 15, 88.4626, -304.52, 15.0375
10, 16, -263.025, 512, -294.547
10, 17, -342.296, 44.8241, -374.312
10, 18, -291.238, -293.71, -45.1841
10, 19, -568.23, 316.387, 209.862
10, 20, -924.733, 445.485, 458.276
10, 21, -253.033, -384.755, -172.269
10, 22, 118.896, -128.176, 1.93068
10, 23, -110.402, -118.321, -471.097
10, 24, -264.439, -39.9521, -324.029
10, 25, -558.282, 315.415, -511.978
10, 26, 43.5942, -463.992, 265.763
10, 27, -213.323, -439.86, -212.849
10, 28, -124.272, 248.86, -27.5505
10, 29, 186.489, 512, 136.668
10, 30, -17.6651, 426.828, -102.644
10, 31, -522.401, 392.247, 512
10, 32, -745.712, 331.385, 511.985
10, 33, -263.541, 296.397, -153.59
10, 34, -563.872, -251.16, 512
10, 35, 154.732, 175.01, 483.361
10, 36, 153.071, 108.681, -319.461
10, 37, -309.258, 490.17, -329.055
10, 38, -48.8038, 120.319, -87.0091
10, 39, -556.938, 310.799, -471.962
10, 40, -345.212, 236.939, -512
10, 41, -280.645, 274.235, 512
10, 42, -255.052, 229.238, 512
10, 43, -448.358, 251.68, -512
10, 44, 193.531, -1.82436, -512
10, 45, 65.679, -398.136, 189.717
10, 46, -247.796, -322.058, -449.168
10, 47, -129.098, -512, 57.6866
10, 48, -673.819, 323.63, 511.968
10, 49, 161.023, 216.678, -406.052
10, 50, -288.751, 266.409, -216.276
10, 51, 54.5366, 224.845, 81.0007
10, 52, -314.846, 258.365, 16.9981
10, 53, -57.7282, 512, 239.459
10, 54, -383.252, 45.6983, 346.413
10, 55, -188.557, 215.094, -25.4747
10, 56, 181.397, 58.1749, 254.099
10, 57, 336.671, -160.077, -370.885
10, 58, 411.807, -512, 108.287
10, 59, -707.519, -389.847, -409.681
10, 60, -558.358, -109.729, 431.64
10, 61, -702.263, -273.186, 512
10, 62, 20.2828, 2.55125, 45.6846
10, 63, -2.48801, -78.4233, -32.2032
10, 64, -766.55, 332.005, 474.466
10, 65, -58.7312, -196.23, 28.6346
10, 66, 41.5252, 219.966, 74.051
10, 67, -0.812974, 512, -160.316
10, 68, 287.936, 415.518, -510.631
10, 69, -632.321, 266.848, -468.008
10, 70, -536.037, -125.465, 421.016
10, 71, 737.278, -512, -512
10, 72, -117.499, 475.886, 61.2658
10, 73, 19.7582, 111.148, 18.5893
10, 74, 286.487, 286.58, -264.748
10, 75, 176.517, 326.811, -54.8279
10, 76, 93.1374, -34.4412, 319.89
10, 77, -648.439, -426.045, -358.288
10, 78, -620.1, -185.296, -512
10, 79, -605.048, -511.738, 277.346
10, 80, -292.073, 86.6661, 330.078
10, 81, -62.0956, 345.993, -63.5426
10, 82, -638.956, 312.671, 464.433
10, 83, -126.168, 512, 512
10, 84, -470.451, -310.501, -451.366
10, 85, -454.516, -48.7117, 407.129
10, 86, -689.265, 448.774, 400.236
10, 87, 232.702, 28.753, 268.386
10, 88, -367.12, -436.881, -393.043
10, 89, -126.168, 512, 512
10, 90, -643.103, -413.502, -432.578
10, 91, -251.801, -292.517, -27.1506
10, 92, -11.16, -72.5036, 66.1674
10, 93, -26.2548, -76.4816, -248.303
10, 94, 500.641, 46.8492, 512
10, 95, -94.6453, -162.535, -259.628
10, 96, -37.1725, 166.314, -472.151
10, 97, -680.052, 382.266, 512
10, 98, -135.703, -108.039, -483.282
10, 99, -8.4669, -48.2271, -512
11, 0, 211.309, -81.5039, -194.003
11, 1, 51.409, 98.9065, -248.48
11, 2, 167.313, 262.043, -125.399
11, 3, -8.40102, -17.3439, -197.727
11, 4, 137.305, -108.06, -352.387
11, 5, -91.9806, -189.628, 512
11, 6, -142.156, -473.531, -179.916
11, 7, 165.928, -512, 202.516
11, 8, -765.974, 408.341, 428.671
11, 9, 249.277, -389.084, -54.7861
11, 10, -632.599, -512, 390.557
11, 11, -222.988, -467.083, -11.92
11, 12, -289.354, 82.4003, 342.152
11, 13, 563.68, 20.3096, 500.394
11, 14, 545.016, -475.711, 159.941
11, 15, -287.914, -457.458, 6.05786
11, 16, -267.355, -37.5309, -324.341
11, 17, 315.521, -280.213, -385.748
11, 18, -215.283, -385.927, 123.625
11, 19, -568.228, 316.39, 209.857
11, 20, -924.762, 445.5, 458.29
11, 21, -323.814, -455.215, 99.2371
11, 22, 371.055, -217.396, -346.88
11, 23, 578.007, 412.736, -459.258
11, 24, 68.3217, -362.071, -257.174
11, 25, -558.259, 315.391, -511.964
11, 26, -12.9467, -14.1088, -69.1114
11, 27, -21.6395, -0.863529, 37.9778
11, 28, -297.685, 512, 13.263
11, 29, -499.083, 324.405, 203.772
11, 30, 462.862, 512, 174.634
11, 31, -754.893, -284.548, 512
11, 32, -745.713, 331.401, 511.977
11, 33, 226.294, 381.507, -210.17
11, 34, -563.871, -251.153, 512
11, 35, 153.071, 108.681, -319.461
11, 36, -309.258, 490.17, -329.055
11, 37, 717.317, 470.94, -457.823
11, 38, 434.894, 246.703, -346.358
11, 39, -563.134, 314.108, -512
11, 40, -149.461, 373.199, -512
11, 41, -546.496, 310.208, 512
11, 42, -293.704, 187.929, 512
11, 43, -150.145, 214.151, -512
11, 44, 65.679, -398.136, 189.717
11, 45, -391.647, -435.75, 118.14
11, 46, -622.245, -376.726, -440.54
11, 47, 172.879, 168.313, -359.034
11, 48, -673.802, 323.642, 511.946
11, 49, 257.563, -486.695, 191.818
11, 50, 80.88, 286.716, -108.587
11, 51, -74.291, -267.683, 169.06
11, 52, 224.287, 215.168, 385.164
11, 53, 22.6788, 493.989, 423.857
11, 54, 505.325, 178.861, 454.955
11, 55, -11.1323, 175.18, 194.593
11, 56, 27.9387, 369.188, 439.106
11, 57, -220.818, -350.098, -386.486
11, 58, -133.073, 310.943, 175.35
11, 59, -707.508, -389.837, -409.679
11, 60, -558.365, -109.716, 431.656
11, 61, -702.253, -273.179, 511.994
11, 62, 254.04, 190.387, 118.488
11, 63, -304.251, -6.22126, -347.548
11, 64, -766.572, 332.027, 474.468
11, 65, 107.777, -219.826, 98.5441
11, 66, -3.33784, 236.092, 490.749
11, 67, -87.0177, 512, -166.181
11, 68, 82.8612, -125.658, -186.489
11, 69, -632.296, 266.848, -467.982
11, 70, -482.205, -136.191, 417.955
11, 71, -117.499, 475.886, 61.2658
11, 72, 481.007, 410.477, 74.1067
11, 73, -166.723, 192.635, -66.0795
11, 74, 360.099, 400.238, -487.803
11, 75, -164.619, 186.592, 274.534
11, 76, 176.668, 36.8959, 273.251
11, 77, -648.436, -426.042, -358.288
11, 78, -620.085, -185.277, -512
11, 79, -605.049, -511.728, 277.354
11, 80, -208.603, -48.2926, 446.74
11, 81, 48.6329, 243.427, -170.872
11, 82, -638.929, 312.649, 464.423
11, 83, 334.698, 512, 150.367
11, 84, 519.198, -371.631, 284.834
11, 85, -415.16, -13.1773, 383.447
11, 86, -689.276, 448.776, 400.25
11, 87, -367.12, -436.881, -393.043
11, 88, 284.927, -500.878, -512
11, 89, -97.1646, 512, 476.687
11, 90, -643.118, -413.517, -432.579
11, 91, -65.6152, -15.8591, 36.3078
11, 92, 344.002, 89.0278, 500.712
11, 93, -85.2409, -187.712, -83.0355
11, 94, 279.824, -334.583, 257.698
11, 95, -541.542, -143.294, -512
11, 96, -507.05, 278.851, -456.025
11, 97, -680.028, 382.261, 511.974
11, 98, -197.6, -243.811, -485.412
11, 99, 333.258, 29.6959, -512
12, 0, 174.357, -71.7948, -477.411
12, 1, -239.662, -236.894, -446.645
12, 2, -335.081, 279.874, 23.9016
12, 3, -423.93, -31.2435, 389.967
12, 4, -302.873, -104.133, -512
12, 5, 1049.13, -512, 512
12, 6, 182.62, -512, -370.302
12, 7, -21.4131, -415.191, 512
12, 8, -765.967, 408.33, 428.675
12, 9, 129.529, -195.48, -21.5046
12, 10, -632.598, -512, 390.557
12, 11, -0.355761, -339.829, 338.168
12, 12, -378.998, 63.6684, -392.623
12, 13, 545.016, -475.711, 159.941
12, 14, -27.0734, -293.286, 13.5471
12, 15, -204.117, 240.724, 18.2067
12, 16, -345.232, 182.214, -254.878
12, 17, 184.186, 216.296, 198.353
12, 18, -28.7815, -313.261, 142.676
12, 19, -568.255, 316.405, 209.87
12, 20, -924.757, 445.515, 458.27
12, 21, -669.528, -428.445, -358.206
12, 22, -126.975, 431.37, 12.5149
12, 23, -278.622, -399.188, -182.1
12, 24, -238.342, -512, 49.108
12, 25, 4.14945, 313.647, 236.887
12, 26, 57.9781, -0.66225, 102.184
12, 27, -63.2217, -28.8097, 49.6692
12, 28, -508.458, 446.314, 178.594
12, 29, -126.168, 512, 512
12, 30, 153.545, 423.468, -252.541
12, 31, -754.876, -284.534, 511.993
12, 32, -745.717, 331.398, 511.982
12, 33, 316.461, 355.198, 2.03324
12, 34, -563.856, -251.148, 511.984
12, 35, -9.61248, -485.536, -512
12, 36, -556.941, 310.787, -471.983
12, 37, 580.026, 331.718, 312.472
12, 38, 168.919, 12.5783, -242.638
12, 39, -34.936, -264.329, -512
12, 40, 205.454, 409.741, -512
12, 41, -517.546, 307.116, 512
12, 42, 143.652, 106.358, 512
12, 43, -11.8796, 83.4341, -132.577
12, 44, -119.154, -473.17, 94.3874
12, 45, 44.1964, -512, 69.2123
12, 46, -622.249, -376.705, -440.563
12, 47, 63.3358, 204.744, -408.859
12, 48, -673.803, 323.618, 511.956
12, 49, 54.5366, 224.845, 81.0007
12, 50, 187.194, 439.61, -111.501
12, 51, -75.8299, -94.5503, 360.02
12, 52, 409.528, 223.868, 438.804
12, 53, 500.212, 47.5623, 512
12, 54, 181.397, 58.1749, 254.099
12, 55, 105.885, 28.0889, 70.3021
12, 56, 277.7, 512, 498.805
12, 57, -551.555, -388.606, -402.271
12, 58, -86.6947, 17.5623, 181.66
12, 59, -707.483, -389.825, -409.664
12, 60, -179.466, 11.1025, 415.223
12, 61, -702.251, -273.166, 511.998
12, 62, 342.483, 341.914, 336.511
12, 63, -141.345, 254.397, -296.208
12, 64, -766.586, 332.038, 474.472
12, 65, 319.496, -72.8795, 268.674
12, 66, 395.648, 512, 493.4
12, 67, 487.667, 512, -118.82
12, 68, -459.775, -124, 404.881
12, 69, -632.288, 266.831, -467.989
12, 70, -812.005, -485.253, 401.13
12, 71, 192.456, 172.324, 11.7259
12, 72, -171.91, 401.089, -118.258
12, 73, -592.543, 286.451, -512
12, 74, -164.619, 186.592, 274.534
12, 75, 27.2467, 29.0276, 192.537
12, 76, 48.8429, 69.1978, 268.028
12, 77, -648.425, -426.026, -358.294
12, 78, -620.069, -185.268, -511.993
12, 79, -605.055, -511.743, 277.351
12, 80, 509.033, -34.9087, 512
12, 81, 548.45, 512, -88.9603
12, 82, -638.942, 312.649, 464.445
12, 83, -454.516, -48.7117, 407.129
12, 84, -399.867, -298.235, -494.36
12, 85, -94.3043, 5.12051, 425.905
12, 86, -689.245, 448.755, 400.231
12, 87, 693.05, -407.615, -512
12, 88, 236.888, -195.82, 148.879
12, 89, -275.272, 512, 474.815
12, 90, -643.106, -413.506, -432.576
12, 91, 173.139, -187.232, 332.886
12, 92, 27.3594, 150.369, 243.474
12, 93, 375.886, -422.989, -35.3406
12, 94, -2.84949, 186.515, -405.011
12, 95, -50.1483, -97.992, -482.889
12, 96, 702.643, 424.947, -478.159
12, 97, -680.019, 382.252, 511.971
12, 98, -0.63304, -278.931, -512
12, 99, -147.623, -177.068, 36.5587
13, 0, 107.928, 319.518, 9.48169
13, 1, -81.595, -256.145, -512
13, 2, 141.543, 512, -430.44
13, 3, 55.6565, -27.9308, 319.318
13, 4, -18.86, -268.12, -512
13, 5, 61.5067, -396.812, 321.737
13, 6, -106.425, -253.152, -512
13, 7, 1049.13, -512, 512
13, 8, -765.958, 408.321, 428.675
13, 9, -102.176, -76.1109, -10.0521
13, 10, -632.608, -511.996, 390.572
13, 11, -490.139, -311.731, 173.869
13, 12, -87.1522, 294.974, -429.913
13, 13, -27.0734, -293.286, 13.5471
13, 14, 112.927, 145.327, -0.324116
13, 15, 6.2657, -13.0184, -25.8303
13, 16, -238.382, -53.8992, -326.821
13, 17, 214.559, 199.7, 141.673
13, 18, -198.721, -24.0774, 181.923
13, 19, 219.991, -135.539, 512
13, 20, -924.784, 445.523, 458.29
13, 21, -669.508, -428.426, -358.206
13, 22, -99.1249, 368.505, 170.058
13, 23, -238.665, -386.22, -312.123
13, 24, -555.417, -356.904, -381.23
13, 25, 678.452, 361.618, 332.075
13, 26, -84.1812, 345.899, 133.184
13, 27, -262.64, 199.818, 218.746
13, 28, -126.168, 512, 512
13, 29, 423.364, 65.4312, 512
13, 30, -117.236, 23.1076, -174.708
13, 31, -754.882, -284.536, 511.997
13, 32, -745.738, 331.404, 512
13, 33, 153.071, 108.681, -319.461
13, 34, -545.441, -371.342, 512
13, 35, 405.252, -423.42, -512
13, 36, -20.5039, 324.548, 105.649
13, 37, 168.919, 12.5783, -242.638
13, 38, -380.226, -223.621, -512
13, 39, -121.239, -305.523, -512
13, 40, 394.373, -118.087, -400.415
13, 41, -126.168, 512, 512
13, 42, -55.0076, 132.161, 512
13, 43, 362.19, -56.8335, 279.114
13, 44, 195.831, -512, 80.911
13, 45, -756.359, -341.156, 512
13, 46, -622.257, -376.695, -440.581
13, 47, 345.639, 512, -398.508
13, 48, -673.81, 323.628, 511.959
13, 49, 68.8625, -135.101, 169.06
13, 50, -152.418, -407.428, 421.301
13, 51, -290.812, -129.421, 387.836
13, 52, 245.182, 251.87, -406.968
13, 53, 181.397, 58.1749, 254.099
13, 54, 477.368, 68.9916, 475.283
13, 55, -443.002, -154.403, 447.892
13, 56, -133.073, 310.943, 175.35
13, 57, -652.576, -432.609, -353.221
13, 58, 230.128, 246.098, 381.251
13, 59, -707.482, -389.819, -409.669
13, 60, -297.812, -206.324, 294.465
13, 61, -702.244, -273.151, 512
13, 62, 439.62, 413.595, 47.1567
13, 63, 15.4917, 65.502, -327.418
13, 64, -766.594, 332.027, 474.494
13, 65, 335.208, -366.241, -15.143
13, 66, 82.8612, -125.658, -186.489
13, 67, 555.618, 6.20784, 503.2
13, 68, 379.286, 73.1758, 512
13, 69, -632.304, 266.853, -467.986
13, 70, -812, -485.244, 401.132
13, 71, -171.91, 401.089, -118.258
13, 72, 115.391, -18.4003, -512
13, 73, 551.473, 114.534, -511.998
13, 74, 29.6797, 32.8346, 192.534
13, 75, -67.0277, 3.21353, 190.307
13, 76, -424.696, -159.94, 447.249
13, 77, -648.411, -426.017, -358.287
13, 78, -620.084, -185.282, -511.996
13, 79, -605.045, -511.74, 277.341
13, 80, -261.646, -396.828, -181.24
13, 81, 53.7436, -12.7959, 448.577
13, 82, -638.952, 312.647, 464.463
13, 83, -260.666, 171.065, 512
13, 84, -554.925, -303.379, -449.965
13, 85, 238.149, 446.149, 512
13, 86, -689.223, 448.746, 400.211
13, 87, 236.888, -195.82, 148.879
13, 88, -251.801, -292.517, -27.1506
13, 89, 5.85368, 153.916, 358.666
13, 90, -643.11, -413.496, -432.594
13, 91, 99.0575, -148.074, 19.1724
13, 92, -366.435, 37.1469, 378.607
13, 93, -2.84949, 186.515, -405.011
13, 94, -2.14077, 143.466, -65.2758
13, 95, -435.565, -125.598, -512
13, 96, -1.30435, -185.431, -71.2968
13, 97, -680.013, 382.248, 511.965
13, 98, -590.03, -280.931, -438.883
13, 99, 94.2722, -221.208, 103.107
14, 0, 214.718, 338.994, -37.6304
14, 1, 103.485, -131.131, 353.402
14, 2, 667.883, 506.646, -479.639
14, 3, -371.861, -169.219, 461.436
14, 4, 109.874, -255.401, 131.475
14, 5, -708.721, -274.989, 512
14, 6, 418.502, -214.235, -332.091
14, 7, 129.529, -195.48, -21.5046
14, 8, -765.945, 408.308, 428.674
14, 9, -173.979, -61.5534, -345.487
14, 10, -632.624, -511.995, 390.593
14, 11, 375.367, -406.788, -25.1762
14, 12, 217.34, 481.53, -431.196
14, 13, -308.732, 431.35, -4.32824
14, 14, -11.8456, -18.2495, -29.8104
14, 15, -75.2285, -111.952, -53.792
14, 16, 358.445, -30.705, -478.406
14, 17, 97.6259, 288.576, 264.159
14, 18, -514.072, -320.136, 172.048
14, 19, 633.953, 174.58, 433.884
14, 20, -924.802, 445.541, 458.29
14, 21, -669.53, -428.442, -358.213
14, 22, -87.2992, 512, -166.539
14, 23, -90.2885, -314.303, 319.933
14, 24, -57.534, 124.836, -85.1158
14, 25, -453.579, -478.685, 38.7295
14, 26, -12.5393, 182.024, 40.4279
14, 27, -126.168, 512, 512
14, 28, -780.841, -334.935, 512
14, 29, -263.541, 296.397, -153.59
14, 30, 65.9265, 87.2604, -99.8761
14, 31, -754.881, -284.531, 512
14, 32, -745.727, 331.408, 511.987
14, 33, -349.748, -119.153, -296.404
14, 34, -22.3553, -178.625, 512
14, 35, 580.026, 331.718, 312.472
14, 36, 261.726, 329.153, -3.38992
14, 37, 372.536, -383.166, -512
14, 38, -423.791, -218.898, -512
14, 39, -304.357, -334.79, -512
14, 40, 107.092, -307.797, -113.207
14, 41, 430.707, 512, 335.735
14, 42, 414.559, 183.422, 464.102
14, 43, 135.755, -204.632, -70.3017
14, 44, 703.743, 423.64, -469.634
14, 45, -756.337, -341.147, 511.983
14, 46, -622.266, -376.716, -440.573
14, 47, 54.5366, 224.845, 81.0007
14, 48, -673.812, 323.643, 511.956
14, 49, -36.1211, -146.872, 125.724
14, 50, 634.511, -416.761, 267.702
14, 51, -712.858, -275.333, 512
14, 52, 181.397, 58.1749, 254.099
14, 53, -325.174, -284.288, 265.765
14, 54, -220.818, -350.098, -386.486
14, 55, 471.837, 209.95, 451.453
14, 56, -412.567, 318.456, 193.857
14, 57, -652.557, -432.599, -353.208
14, 58, -168.606, 142.752, -104.779
14, 59, -707.469, -389.808, -409.665
14, 60, 82.7702, -320.112, -188.637
14, 61, -702.235, -273.133, 512
14, 62, 41.5252, 219.966, 74.051
14, 63, 33.0873, 224.631, 84.5768
14, 64, -766.579, 332.011, 474.493
14, 65, 82.8612, -125.658, -186.489
14, 66, 224.596, -129.3, -355.337
14, 67, -88.9798, -348.722, -147.295
14, 68, -117.499, 475.886, 61.2658
14, 69, -632.31, 266.861, -467.984
14, 70, -811.982, -485.227, 401.127
14, 71, 370.886, -250.617, 105.588
14, 72, 50.5626, 41.5569, 37.0679
14, 73, 215.324, 171.234, -176.8
14, 74, 105.168, 65.583, 185.546
14, 75, 0.23711, -120.308, 116.394
14, 76, -307.742, -201.824, 466.286
14, 77, -648.426, -426.03, -358.29
14, 78, -474.593, -212.562, -512
14, 79, 515.274, -512, 194.281
14, 80, -35.9051, -399.864, 426.126
14, 81, 501.177, -12.5764, 499.009
14, 82, -638.926, 312.634, 464.443
14, 83, -148.863, 146.12, 512
14, 84, -103.829, -209.422, -463.309
14, 85, 19.9964, -200.159, -451.046
14, 86, -689.22, 448.737, 400.217
14, 87, -251.801, -292.517, -27.1506
14, 88, -48.165, -9.69272, 36.3026
14, 89, 542.878, -15.1029, 512
14, 90, -643.097, -413.49, -432.583
14, 91, -69.0986, -166.218, 68.1056
14, 92, 326.275, -41.4561, 273.088
14, 93, -121.67, 194.355, -31.3199
14, 94, 513.75, 129.437, -512
14, 95, 266.246, 14.3433, -512
14, 96, 274.71, -247.207, -98.0068
14, 97, -680.009, 382.24, 511.967
14, 98, -490.249, -294.65, -439.191
14, 99, 293.71, 338.113, -2.41633
15, 0, 648.762, 512, -492.454
15, 1, 356.779, -126.095, 309.803
15, 2, -142.156, -473.531, -179.916
15, 3, -4.6869, 1.7319, -85.95
15, 4, 192.918, -160.256, -138.784
15, 5, -708.726, -274.998, 512
15, 6, 129.529, -195.48, -21.5046
15, 7, -207.389, -262.462, -28.8267
15, 8, -765.959, 408.311, 428.687
15, 9, -426.854, -42.9151, 411.139
15, 10, -546.51, -512, 416.8
15, 11, -27.0734, -293.286, 13.5471
15, 12, 149.175, 368.261, -447.779
15, 13, -35.4005, 441.7, 29.272
15, 14, 127.917, 150.94, 180.08
15, 15, -37.8991, -54.6453, -156.032
15, 16, 97.6259, 288.576, 264.159
15, 17, -15.2133, -86.5284, 66.0904
15, 18, -182.63, -324.247, -219.397
15, 19, -126.975, 431.37, 12.5149
15, 20, -924.78, 445.526, 458.283
15, 21, -669.54, -428.461, -358.203
15, 22, 89.9503, 274.729, -29.8199
15, 23, 46.4585, -321.256, 133.303
15, 24, 47.7613, 434.957, -99.0739
15, 25, 258.963, 34.6051, 227.077
15, 26, 639.004, 416.706, 344.363
15, 27, -656.677, -265.841, 512
15, 28, -780.825, -334.924, 511.994
15, 29, 146.641, 366.042, -18.61
15, 30, 392.23, 65.7168, 454.835
15, 31, -754.866, -284.527, 511.988
15, 32, -745.726, 331.427, 511.974
15, 33, 131.311, 13.5454, -424.655
15, 34, 139.014, -377.258, 444.323
15, 35, 168.919, 12.5783, -242.638
15, 36, 148.99, -68.3572, -204.46
15, 37, -223.512, -39.7063, -357.827
15, 38, -295.268, -345.824, -512
15, 39, -308.708, -341.129, -512
15, 40, -307.969, -340.423, 118.458
15, 41, 424.778, 337.398, 405.036
15, 42, 135.755, -204.632, -70.3017
15, 43, 146.646, -310.178, 131.1
15, 44, 161.023, 216.678, -406.052
15, 45, -756.362, -341.166, 511.99
15, 46, 233.89, -332.192, -289.872
15, 47, 36.2174, 166.518, 91.2878
15, 48, -673.823, 323.627, 511.973
15, 49, -383.318, -99.6461, 387.053
15, 50, 245.182, 251.87, -406.968
15, 51, -712.857, -275.331, 512
15, 52, 461.724, 19.1362, 475.283
15, 53, -600.805, -256.964, 512
15, 54, -534.262, -347.502, -429.472
15, 55, 87.9012, 182.586, 31.6755
15, 56, -34.119, -28.6885, -136.682
15, 57, -652.555, -432.593, -353.212
15, 58, 92.1945, -141.861, -143.568
15, 59, -707.444, -389.795, -409.652
15, 60, -138.639, 300.958, -134.402
15, 61, -702.23, -273.125, 512
15, 62, 161.918, 146.433, -14.1138
15, 63, 14.3939, 147.825, 73.0448
15, 64, -766.569, 332.006, 474.486
15, 65, -310.95, -130.017, 391.009
15, 66, 315.414, -108.216, -417.637
15, 67, -481.614, -426.677, -171.935
15, 68, -8.42554, 138.902, 11.7259
15, 69, -599.867, -156.152, -512
15, 70, -811.951, -485.211, 401.108
15, 71, -164.619, 186.592, 274.534
15, 72, -130.522, -86.4292, 226.668
15, 73, 203.252, 135.929, -176.926
15, 74, -316.759, 269.683, 232.453
15, 75, -153.707, -170.874, 232.703
15, 76, -799.619, -329.619, 512
15, 77, -648.43, -426.027, -358.298
15, 78, -396.804, -119.842, -512
15, 79, 53.7436, -12.7959, 448.577
15, 80, -473.006, -433.824, 414.209
15, 81, -399.867, -298.235, -494.36
15, 82, -638.934, 312.635, 464.453
15, 83, 558.777, 4.03496, 512
15, 84, -422.788, -123.792, -512
15, 85, -15.5715, -150.646, -171.012
15, 86, -689.21, 448.726, 400.216
15, 87, -70.172, -14.7452, 30.7115
15, 88, -172.478, -120.541, -321.227
15, 89, 27.3594, 150.369, 243.474
15, 90, -643.101, -413.503, -432.573
15, 91, -296.961, -206.868, -269.641
15, 92, -252.291, -99.3719, 208.645
15, 93, 270.889, 308.694, 344.5
15, 94, -1.30435, -185.431, -71.2968
15, 95, 157.892, -8.62121, -512
15, 96, -147.623, -177.068, 36.5587
15, 97, -680.014, 382.243, 511.97
15, 98, -603.691, -277.806, 495.073
15, 99, -56.9278, -172.317, -190.085
16, 0, -0.976653, 4.7795, -296.513
16, 1, -142.156, -473.531, -179.916
16, 2, 12.9641, -512, -388.596
16, 3, -52.8278, -44.0689, -160.878
16, 4, 182.132, -226.437, 89.956
16, 5, -712.671, -275.005, 511.999
16, 6, -9.62519, -217.368, -18.1476
16, 7, -127.876, -272.897, -168.919
16, 8, -765.974, 408.312, 428.706
16, 9, -93.5671, 279.365, 154.736
16, 10, -510.303, -512, 419.318
16, 11, 196.56, -334.126, -6.48688
16, 12, -277.305, 304.963, 42.5252
16, 13, 219.634, 395.117, 216.273
16, 14, -23.4469, 180.785, 135.15
16, 15, 99.5642, -97.9207, 39.6839
16, 16, 556.09, -1.91149, 512
16, 17, 316.746, -172.146, 176.479
16, 18, 360.119, -387.802, -217.275
16, 19, 368.237, 512, -132.171
16, 20, -924.773, 445.509, 458.293
16, 21, -669.517, -428.449, -358.188
16, 22, -337.594, 277.971, 34.044
16, 23, -145.308, -364.206, 161.949
16, 24, -227.692, 132.438, 80.2892
16, 25, -506.064, -397.128, -430.285
16, 26, 153.545, 423.468, -252.541
16, 27, -656.667, -265.83, 511.994
16, 28, -780.83, -334.926, 511.998
16, 29, 287.055, 403.825, 386.236
16, 30, 153.071, 108.681, -319.461
16, 31, -754.841, -284.509, 511.975
16, 32, -745.726, 331.432, 511.971
16, 33, 9.87017, 260.76, -33.4986
16, 34, 95.2057, -376.218, 412.252
16, 35, 309.789, 407.029, -436.047
16, 36, -223.512, -39.7063, -357.827
16, 37, -69.6161, -63.7679, -512
16, 38, -154.118, -247.895, -512
16, 39, -440.313, -399.681, -132.568
16, 40, 558.341, -398.43, -258.61
16, 41, 135.755, -204.632, -70.3017
16, 42, -408.847, 210.768, -266.563
16, 43, -231.93, -163.98, 82.3767
16, 44, 257.563, -486.695, 191.818
16, 45, -756.356, -341.158, 511.993
16, 46, -194.576, 347.48, -76.031
16, 47, -164.273, 512, 279.321
16, 48, -673.836, 323.628, 511.985
16, 49, -39.6344, 201.243, 354.54
16, 50, 181.397, 58.1749, 254.099
16, 51, -712.849, -275.317, 512
16, 52, -220.818, -350.098, -386.486
16, 53, -471.121, -337.625, 196.353
16, 54, -535.112, -353.047, -434.578
16, 55, 137.557, 280.82, 143.209
16, 56, -257.022, -100.014, -269.427
16, 57, -652.543, -432.584, -353.209
16, 58, 222.494, 87.2638, 183.812
16, 59, -707.429, -389.78, -409.651
16, 60, 28.968, 25.0918, -40.9131
16, 61, -702.235, -273.134, 512
16, 62, 335.208, -366.241, -15.143
16, 63, 308.28, 297.41, 143.665
16, 64, -766.585, 332.007, 474.504
16, 65, -726.055, -496.672, 380.164
16, 66, -117.499, 475.886, 61.2658
16, 67, 265.481, -461.668, -120.84
16, 68, 379.041, -282.032, 74.1663
16, 69, 111.49, -372.243, -512
16, 70, -811.956, -485.204, 401.118
16, 71, 41.181, 35.2828, 192.536
16, 72, -146.159, -131.426, 223.31
16, 73, -394.488, 347.798, -117.638
16, 74, -234.704, 64.6198, 314.633
16, 75, 372.828, -110.335, 288.345
16, 76, -799.61, -329.617, 511.992
16, 77, -648.449, -426.042, -358.305
16, 78, -337.889, -110.123, 385.153
16, 79, -64.6351, 21.4019, -315.249
16, 80, -179.741, -512, 319.801
16, 81, -175.595, -308.735, -24.9584
16, 82, -349.661, 512, 427.957
16, 83, 19.9964, -200.159, -451.046
16, 84, -267.293, -327.302, -238.462
16, 85, 16.0649, -149.389, -180.277
16, 86, -689.219, 448.735, 400.218
16, 87, 460.067, -221.136, -331.02
16, 88, 448.505, -157.943, -411.946
16, 89, -178.506, -42.5001, 351.596
16, 90, -82.2507, -363.05, -512
16, 91, 200.53, -152.847, 3.69984
16, 92, -2.27264, -64.2471, -77.6893
16, 93, -1.30435, -185.431, -71.2968
16, 94, 168.367, -159.844, -135.284
16, 95, -147.623, -177.068, 36.5587
16, 96, 36.0897, -208.773, -17.3208
16, 97, -680.038, 382.259, 511.989
16, 98, 1034.76, -508.723, 512
16, 99, -270.88, -190.165, -475.158
17, 0, -6.76257, -275.276, -512
17, 1, 258.554, -512, 221.139
17, 2, 893.666, -461.377, -512
17, 3, -46.5392, 58.0697, -42.6564
17, 4, -64.4658, -207.77, 72.2303
17, 5, -712.677, -275.016, 511.999
17, 6, 59.0657, -119.229, 143.941
17, 7, 141.394, -262.595, 130.391
17, 8, -765.963, 408.295, 428.711
17, 9, 277.032, 185.639, 151.752
17, 10, 178.357, 307.587, 415.594
17, 11, -277.305, 304.963, 42.5252
17, 12, 291.51, 392.427, 224.403
17, 13, 11.0633, 59.3716, -92.5246
17, 14, 97.2385, 169.442, 173.05
17, 15, 185.148, -277.778, -94.6105
17, 16, 633.953, 174.58, 433.884
17, 17, -126.975, 431.37, 12.5149
17, 18, -278.622, -399.188, -182.1
17, 19, 43.5942, -463.992, 265.763
17, 20, -924.797, 445.52, 458.306
17, 21, -669.5, -428.436, -358.182
17, 22, 147.089, 227.462, 67.3616
17, 23, -111.282, 76.9092, 286.342
17, 24, -469.554, 441.353, -282.519
17, 25, 876.119, -469.97, -512
17, 26, 26.5872, -93.7433, -174.708
17, 27, -656.671, -265.832, 511.998
17, 28, -780.828, -334.921, 512
17, 29, 153.071, 108.681, -319.461
17, 30, 531.94, 78.3953, -512
17, 31, -754.836, -284.505, 511.972
17, 32, -745.743, 331.443, 511.981
17, 33, -60.309, 242.434, -239.462
17, 34, 492.748, -43.676, 512
17, 35, -223.512, -39.7063, -357.827
17, 36, 397.607, 42.0856, -512
17, 37, 483.299, 63.4155, -512
17, 38, -565.343, -486.573, -391.535
17, 39, 453.888, -323.782, 377.319
17, 40, 135.755, -204.632, -70.3017
17, 41, -591.572, 302.517, -512
17, 42, 133.153, -15.4527, -512
17, 43, 56.4368, -38.27, -11.427
17, 44, 54.5366, 224.845, 81.0007
17, 45, -756.342, -341.146, 511.991
17, 46, 99.5704, 442.986, 41.9602
17, 47, -529.607, 441.922, 436.748
17, 48, -673.825, 323.637, 511.971
17, 49, -15.7573, 176.879, 246.743
17, 50, -61.8373, 180.243, 93.9474
17, 51, -712.843, -275.329, 511.987
17, 52, 70.962, 94.6667, -78.7782
17, 53, -110.51, -394.337, 207.725
17, 54, -110.875, -13.1818, 137.333
17, 55, 122.447, 177.852, 176.954
17, 56, 104.852, -296.225, -168.004
17, 57, -652.523, -432.572, -353.197
17, 58, 439.62, 413.595, 47.1567
17, 59, -707.42, -389.772, -409.648
17, 60, -118.995, 97.7409, 134.971
17, 61, -702.241, -273.147, 511.999
17, 62, 82.8612, -125.658, -186.489
17, 63, 555.618, 6.20784, 503.2
17, 64, -766.569, 331.995, 474.499
17, 65, -726.043, -496.656, 380.166
17, 66, -154.29, 77.0465, 88.8242
17, 67, -171.91, 401.089, -118.258
17, 68, 360.099, 400.238, -487.803
17, 69, 517.553, -284.153, -329.563
17, 70, -811.945, -485.199, 401.112
17, 71, 70.7359, 50.8136, 191.35
17, 72, 175.794, 160.66, 208.609
17, 73, -181.178, 59.0437, -186.893
17, 74, 102.515, 298.559, 287.292
17, 75, -198.537, 61.205, -206.543
17, 76, -799.618, -329.63, 511.986
17, 77, -575.482, -429.579, 404.168
17, 78, 206.591, -79.4455, -201.964
17, 79, -245.592, 225.875, -512
17, 80, -715.71, -458.047, 361.948
17, 81, -215.8, -512, 348.925
17, 82, -126.168, 512, 512
17, 83, 219.869, -172.245, -171.012
17, 84, -114.169, -237.092, -272.378
17, 85, 182.074, -315.832, -133.03
17, 86, -689.216, 448.742, 400.205
17, 87, 27.3594, 150.369, 243.474
17, 88, 279.824, -334.583, 257.698
17, 89, 470.141, 55.8437, 512
17, 90, 301.807, -497.841, -94.7176
17, 91, -135.703, -108.039, -483.282
17, 92, -78.4011, 11.4101, -159.804
17, 93, 219.755, -130.529, -171.759
17, 94, 240.454, -241.722, -105.178
17, 95, -60.0756, -88.4915, -21.6851
17, 96, -728.339, -316.897, 502.58
17, 97, -680.029, 382.253, 511.982
17, 98, 269.6, -20.2315, -423.284
17, 99, -81.27, -153.07, 494.85
18, 0, -265.259, -512, -237.772
18, 1, -241.023, 151.703, -427.92
18, 2, 182.132, -226.437, 89.956
18, 3, 9.57694, 58.0554, -22.9435
18, 4, 35.174, -129.672, 59.2555
18, 5, -712.676, -275.013, 512
18, 6, 130.411, -127.785, 503.647
18, 7, 12.2177, -99.0789, 242.698
18, 8, -765.954, 408.286, 428.712
18, 9, -76.8533, 502.166, -20.5785
18, 10, -381.762, -4.9599, 394.311
18, 11, -368.334, 316.15, 224.393
18, 12, 11.0633, 59.3716, -92.5246
18, 13, 124.402, 213.037, 200.024
18, 14, 243.432, 267.74, -97.8098
18, 15, -665.775, -286.289, -448.319
18, 16, -126.975, 431.37, 12.5149
18, 17, 230.304, 512, -39.7076
18, 18, -298.639, -490.962, -255.511
18, 19, 96.1606, -381.907, 454.605
18, 20, -924.814, 445.532, 458.312
18, 21, -669.514, -428.452, -358.181
18, 22, 89.7286, 16.322, 89.832
18, 23, 365.939, -211.503, 190.644
18, 24, 44.1966, 392.472, -512
18, 25, -263.541, 296.397, -153.59
18, 26, 139.803, -66.0272, -196.563
18, 27, -24.1331, -297.917, -323.528
18, 28, -780.816, -334.918, 511.99
18, 29, -371.491, -370.874, -418.549
18, 30, -48.8038, 120.319, -87.0091
18, 31, -754.838, -284.494, 511.983
18, 32, -745.736, 331.443, 511.973
18, 33, 182.973, 406.448, -512
18, 34, -223.512, -39.7063, -357.827
18, 35, -585.104, -152.363, -512
18, 36, 107.092, -307.797, -113.207
18, 37, 65.679, -398.136, 189.717
18, 38, 387.306, -362.253, -337.735
18, 39, 135.755, -204.632, -70.3017
18, 40, -279.206, -214.986, -280.946
18, 41, 466.152, 58.1072, -512
18, 42, 78.2446, -512, -335.058
18, 43, -214.757, 157.835, 58.2049
18, 44, 122.104, 0.462869, 74.6419
18, 45, -756.362, -341.159, 512
18, 46, 585.339, 378.874, 359.978
18, 47, 85.8075, 412.569, 376.959
18, 48, -673.834, 323.639, 511.979
18, 49, -547.17, 277.303, 227.575
18, 50, -244.424, 263.757, 512
18, 51, -712.843, -275.319, 511.992
18, 52, -80.861, -78.0937, -99.2469
18, 53, -392.32, -392.231, -165.282
18, 54, -23.4027, -85.6642, 60.6602
18, 55, -23.1668, -102.946, 85.3685
18, 56, -14.8404, 173.02, -394.094
18, 57, 507.711, -453.162, -287.331
18, 58, 41.5252, 219.966, 74.051
18, 59, -707.411, -389.781, -409.632
18, 60, 84.8918, -105.774, 123.821
18, 61, -702.238, -273.151, 511.993
18, 62, -51.2268, -127.977, 490.731
18, 63, -88.9798, -348.722, -147.295
18, 64, -766.585, 332.01, 474.501
18, 65, -726.038, -496.649, 380.167
18, 66, -165.793, -367.919, 168.356
18, 67, 299.723, -217.145, 159.345
18, 68, -164.619, 186.592, 274.534
18, 69, 215.324, 171.234, -176.8
18, 70, -811.944, -485.197, 401.112
18, 71, 624.855, 292.394, 352.953
18, 72, 201.931, -22.7151, 297.804
18, 73, -40.8262, 348.312, -163.163
18, 74, -260.005, 269.815, 512
18, 75, 44.809, 410.743, -134.653
18, 76, -799.63, -329.631, 512
18, 77, 381.165, -438.585, 489.905
18, 78, -207.51, -80.2329, -301.142
18, 79, 161.731, 197.729, 24.7676
18, 80, -715.714, -458.061, 361.935
18, 81, 54.2048, -512, 205.273
18, 82, 331.63, 512, 496.389
18, 83, 123.36, -107.088, -156.307
18, 84, 204.167, -324.928, -282.477
18, 85, -94.6591, -302.738, -512
18, 86, -689.225, 448.747, 400.213
18, 87, 225.733, 333.371, 150.754
18, 88, -2.84949, 186.515, -405.011
18, 89, -252.291, -99.3719, 208.645
18, 90, -135.703, -108.039, -483.282
18, 91, -54.5885, -295.035, -512
18, 92, -32.7879, 38.9433, -75.6051
18, 93, 39.5958, -173.955, -131.34
18, 94, -163.822, 73.3337, 93.4594
18, 95, -423.432, -327.994, 164.974
18, 96, -728.339, -316.903, 502.574
18, 97, -680.018, 382.253, 511.969
18, 98, -549.021, -251.005, 503.106
18, 99, -394.598, -219.962, 293.652
19, 0, -198.66, -486.407, -263.905
19, 1, 401.251, 344.615, -262.785
19, 2, 129.529, -195.48, -21.5046
19, 3, -376.055, 408.201, -38.5852
19, 4, 222.224, -187.084, -156.702
19, 5, -712.676, -275.013, 512
19, 6, 526.935, 47.9293, 503.308
19, 7, -21.5438, 106.558, 245.853
19, 8, -765.969, 408.301, 428.711
19, 9, 56.6064, -50.4549, -36.021
19, 10, -112.221, 114.14, 76.9631
19, 11, 228.463, 221.899, 196.243
19, 12, 98.4384, 6.47532, -224.66
19, 13, 602.058, 155.081, 421.935
19, 14, 633.953, 174.58, 433.884
19, 15, -25.2684, 276.963, -424.846
19, 16, 209.966, 420.34, -146.04
19, 17, 43.5942, -463.992, 265.763
19, 18, 622.796, -470.042, 218.025
19, 19, 339.794, 243.178, 340.951
19, 20, -924.8, 445.517, 458.313
19, 21, -669.499, -428.442, -358.175
19, 22, -119.709, -287.635, 197.754
19, 23, 153.545, 423.468, -252.541
19, 24, 331.262, 423.18, -512
19, 25, 257.883, 293.706, -65.2799
19, 26, 384.255, 132.535, 464.166
19, 27, -429.898, -172.335, -484.661
19, 28, -780.792, -334.903, 511.979
19, 29, 644.782, -397.737, -512
19, 30, 171.023, -136.006, 278.56
19, 31, -754.831, -284.493, 511.975
19, 32, -745.73, 331.456, 511.96
19, 33, -223.512, -39.7063, -357.827
19, 34, 19.0742, 41.0373, -317.311
19, 35, 158.67, -9.6282, -512
19, 36, -555.494, -512, 0.0825792
19, 37, -1.51143, -131.505, -138.091
19, 38, 135.755, -204.632, -70.3017
19, 39, 703.743, 423.64, -469.634
19, 40, 275.606, 16.2677, -512
19, 41, 257.563, -486.695, 191.818
19, 42, -441.697, -512, -260.794
19, 43, 329.546, -279.394, 106.038
19, 44, -77.3178, 149.705, -115.72
19, 45, -756.361, -341.158, 512
19, 46, 245.182, 251.87, -406.968
19, 47, 274.507, 416.678, 388.503
19, 48, -673.852, 323.65, 511.993
19, 49, 63.6566, 512, 126.163
19, 50, -771.851, 351.54, 483.475
19, 51, -712.84, -275.313, 511.993
19, 52, -276.922, -34.4786, -348.632
19, 53, -173.253, -425.624, -206.505
19, 54, 0.221435, -179.331, 131.13
19, 55, -249.338, -294.502, -239.97
19, 56, -301.774, -310.566, -376.817
19, 57, 41.5252, 219.966, 74.051
19, 58, -426.358, 335.54, -483.563
19, 59, -707.422, -389.792, -409.633
19, 60, -225.477, -257.392, -17.5682
19, 61, -702.244, -273.151, 512
19, 62, 205.504, 133.581, 485.99
19, 63, -30.3432, 81.4917, -120.46
19, 64, -766.593, 332.017, 474.503
19, 65, -726.025, -496.636, 380.164
19, 66, 136.268, 194.492, -131.87
19, 67, -164.619, 186.592, 274.534
19, 68, -443.146, 295.422, 192.534
19, 69, 18.8693, 56.1577, -11.2005
19, 70, -811.932, -485.186, 401.108
19, 71, 135.582, 189.451, 150.529
19, 72, -240.158, -303.809, -70.9332
19, 73, -207.062, 267.27, -435.526
19, 74, -126.168, 512, 512
19, 75, 295.851, 425.684, -153.97
19, 76, -799.632, -329.632, 512
19, 77, -399.867, -298.235, -494.36
19, 78, 116.719, -94.8859, 125.1
19, 79, -367.12, -436.881, -393.043
19, 80, -715.709, -458.067, 361.921
19, 81, 342.826, -512, 134.364
19, 82, -251.801, -292.517, -27.1506
19, 83, 20.2049, 117.521, -77.6488
19, 84, 387.405, 213.92, -384.814
19, 85, -435.939, -295.882, -218.101
19, 86, -689.222, 448.736, 400.221
19, 87, -2.84949, 186.515, -405.011
19, 88, -221.254, 232.508, -254.644
19, 89, 501.44, -38.0896, 512
19, 90, -106.068, -253.538, -512
19, 91, -43.6303, -263.068, -512
19, 92, -92.239, -101.664, -37.4813
19, 93, -24.9549, -84.7667, -34.3096
19, 94, 392.833, 305.854, -256.445
19, 95, -388.638, -512, 36.1528
19, 96, -728.329, -316.904, 502.561
19, 97, -680.025, 382.245, 511.984
19, 98, 1037.33, -512, 507.209
19, 99, 39.2866, 318.842, 281.862
20, 0, -241.561, -512, -307.494
20, 1, 129.529, -195.48, -21.5046
20, 2, -240.042, -284.156, -19.3559
20, 3, 8.67867, 280.796, 252.901
20, 4, 225.362, -198.909, 388.468
20, 5, -712.684, -275.027, 512
20, 6, -27.0734, -293.286, 13.5471
20, 7, 106.986, -321.263, 235.156
20, 8, -765.978, 408.31, 428.712
20, 9, 45.563, 63.0877, 176.287
20, 10, 110.409, 107.957, 157.732
20, 11, 340.645, -191.744, 158.12
20, 12, -343.065, -308.122, -501.983
20, 13, 633.953, 174.58, 433.884
20, 14, -126.975, 431.37, 12.5149
20, 15, 522.472, 512, -512
20, 16, -89.1541, 512, 114.243
20, 17, 209.435, -494.523, -173.893
20, 18, 96.7108, 358.028, 177.173
20, 19, -453.579, -478.685, 38.7295
20, 20, -924.815, 445.526, 458.319
20, 21, 178.287, -375.557, -512
20, 22, -278.511, 218.314, 512
20, 23, 39.8217, 148.734, -300.001
20, 24, 206.678, -61.3825, 103.834
20, 25, 384.255, 132.535, 464.166
20, 26, 153.071, 108.681, -319.461
20, 27, 433.612, 50.8777, -512
20, 28, -780.787, -334.899, 511.977
20, 29, 580.026, 331.718, 312.472
20, 30, 114.19, -140.892, 167.943
20, 31, -754.81, -284.481, 511.962
20, 32, -745.719, 331.455, 511.95
20, 33, 266.267, 14.1376, -512
20, 34, -134.946, 373.505, -323.738
20, 35, -98.0919, 31.2449, -324.896
20, 36, -110.348, -383.44, 397.598
20, 37, 322.045, -363.414, -212.003
20, 38, 369.087, 197.022, -366.76
20, 39, 161.023, 216.678, -406.052
20, 40, 257.563, -486.695, 191.818
20, 41, -413.892, -437.888, 80.4707
20, 42, -357.266, 60.8185, -369.983
20, 43, -152.418, -407.428, 421.301
20, 44, 103.737, 90.6447, 236.39
20, 45, -756.344, -341.15, 511.988
20, 46, 385.787, 197.361, -356.894
20, 47, 27.9387, 369.188, 439.106
20, 48, -673.837, 323.64, 511.982
20, 49, 165.933, 102.734, 36.1641
20, 50, -771.856, 351.546, 483.476
20, 51, -712.843, -275.306, 512
20, 52, -572.021, -160.14, -502.065
20, 53, 88.6553, -51.1108, -94.3299
20, 54, -37.8026, -211.745, -156.219
20, 55, 178.189, -312.604, -171.579
20, 56, -117.922, -295.418, -248.267
20, 57, -646.366, 512, 385.242
20, 58, -522.381, 324.091, -512
20, 59, -707.431, -389.796, -409.638
20, 60, 430.257, -259.825, 355.403
20, 61, -702.245, -273.161, 511.996
20, 62, 579.529, -276.966, 367.769
20, 63, 171.447, -161.899, -136.623
20, 64, -766.6, 332.028, 474.499
20, 65, -726.004, -496.625, 380.149
20, 66, 21.5536, 175.072, 213.372
20, 67, -111.663, 141.203, 512
20, 68, -81.1741, 226.286, 185.546
20, 69, -130.365, -205.913, -131.409
20, 70, -811.932, -485.18, 401.112
20, 71, -216.029, 457.85, 166.793
20, 72, -33.6062, -227.869, -306.071
20, 73, 522.472, 512, -512
20, 74, -103.346, 512, 511.996
20, 75, -454.516, -48.7117, 407.129
20, 76, -799.628, -329.641, 511.986
20, 77, -145.648, -262.873, 33.1386
20, 78, 381.16, -103.255, 316.4
20, 79, -410.867, -512, -288.248
20, 80, -715.718, -458.073, 361.926
20, 81, -251.801, -292.517, -27.1506
20, 82, 39.2103, -288.829, 36.3034
20, 83, -51.1564, -62.1907, -7.05181
20, 84, 27.3594, 150.369, 243.474
20, 85, 394.872, -512, 122.352
20, 86, -689.219, 448.742, 400.209
20, 87, -111.515, 322.087, -357.429
20, 88, -435.193, 339.663, -512
20, 89, -1.30435, -185.431, -71.2968
20, 90, -124.382, -306.387, -512
20, 91, 314.894, -468.873, -441.56
20, 92, -36.3305, -85.078, -124.099
20, 93, 43.5609, 80.4202, 154.314
20, 94, -56.9278, -172.317, -190.085
20, 95, -636.625, -512, 404.7
20, 96, -728.348, -316.911, 502.576
20, 97, -680.021, 382.23, 511.991
20, 98, -399.449, 458.094, -27.6493
20, 99, -140.932, 136.226, -127.448
21, 0, 36.2908, -512, -331.893
21, 1, -447.39, -488.771, -7.03287
21, 2, 74.0354, -186.557, -348.573
21, 3, -35.2772, 269.377, 62.161
21, 4, 545.016, -475.711, 159.941
21, 5, -712.689, -275.035, 512
21, 6, 173.338, 311.799, -6.48643
21, 7, 485.982, -434.872, 187.846
21, 8, -765.988, 408.316, 428.718
21, 9, -97.1927, 47.3353, 115.619
21, 10, 191.736, -107.907, 340.511
21, 11, 133.066, 310.668, -409.179
21, 12, -399.466, -314.419, -385.323
21, 13, -126.975, 431.37, 12.5149
21, 14, 254.116, 469.672, -165.131
21, 15, 43.5942, -463.992, 265.763
21, 16, -136.485, -3.33914, -309.974
21, 17, 96.7108, 358.028, 177.173
21, 18, 138.156, 512, 132.785
21, 19, -367.647, -422.364, -139.712
21, 20, -924.793, 445.515, 458.307
21, 21, 274.696, 168.31, -512
21, 22, 421.286, -72.7549, 512
21, 23, 85.4662, 175.288, -135.326
21, 24, 384.255, 132.535, 464.166
21, 25, 153.071, 108.681, -319.461
21, 26, -2.44128, 454.281, -418.647
21, 27, -48.8038, 120.319, -87.0091
21, 28, -780.785, -334.89, 511.986
21, 29, 168.919, 12.5783, -242.638
21, 30, 188.273, -161.028, 350.182
21, 31, -754.8, -284.483, 511.952
21, 32, -745.706, 331.452, 511.938
21, 33, 107.092, -307.797, -113.207
21, 34, -22.3336, 512, -14.0805
21, 35, 31.3138, -309.075, 249.437
21, 36, 6.05517, -417.45, 512
21, 37, 703.743, 423.64, -469.634
21, 38, 161.023, 216.678, -406.052
21, 39, -203.405, -64.0485, -314.084
21, 40, 54.5366, 224.845, 81.0007
21, 41, -404.758, -405.249, 153.249
21, 42, -0.967143, 512, -160.571
21, 43, -577.613, -411.949, 381.128
21, 44, -66.8205, 10.2631, 17.3183
21, 45, -756.348, -341.149, 511.995
21, 46, 27.9387, 369.188, 439.106
21, 47, -126.168, 512, 512
21, 48, -673.845, 323.649, 511.987
21, 49, -24.9642, 194.068, 50.8421
21, 50, -771.869, 351.552, 483.485
21, 51, -712.838, -275.302, 511.997
21, 52, 72.1574, -326.59, -364.32
21, 53, 364.235, -65.5647, 304.179
21, 54, 238.204, 227.526, -98.1294
21, 55, -273.944, -314.46, -74.0745
21, 56, -587.008, -512, 272.305
21, 57, -617.047, 512, 384.773
21, 58, -531.776, 322.284, -512
21, 59, -707.416, -389.796, -409.624
21, 60, -88.9798, -348.722, -147.295
21, 61, -702.24, -273.148, 511.997
21, 62, 117.734, 209.971, 44.2455
21, 63, -27.9483, -236.41, -199.596
21, 64, -766.599, 332.039, 474.486
21, 65, -726.005, -496.619, 380.157
21, 66, -469.641, -54.7138, 401.659
21, 67, -222.989, 161.214, 512
21, 68, 58.1974, -257.014, 136.018
21, 69, 54.949, -7.07602, 57.7372
21, 70, -811.936, -485.189, 401.11
21, 71, 767.055, 464.323, 298.853
21, 72, 737.278, -512, -512
21, 73, 53.7436, -12.7959, 448.577
21, 74, 432.609, 512, 489.325
21, 75, -383.083, 114.927, 305.878
21, 76, -799.634, -329.64, 511.993
21, 77, 67.9124, -512, -334.458
21, 78, 19.9964, -200.159, -451.046
21, 79, 363.115, -512, -115.488
21, 80, -718.817, -458.081, 361.925
21, 81, -116.937, -191.644, 36.3078
21, 82, -118.477, -255.103, 37.9879
21, 83, 276.334, 3.42097, 239.776
21, 84, -163.631, -18.1953, 336.71
21, 85, -2.84949, 186.515, -405.011
21, 86, -689.22, 448.739, 400.215
21, 87, -585.854, 282.013, -512
21, 88, -569.995, 277.248, -512
21, 89, -119.034, -208.11, 34.062
21, 90, -438.865, -298.346, -438.883
21, 91, -163.822, 73.3337, 93.4594
21, 92, -511.664, -246.276, 500.677
21, 93, 38.1949, 125.9, 62.485
21, 94, 57.6602, -166.221, -46.0395
21, 95, -368.415, -512, 362.668
21, 96, -728.366, -316.925, 502.582
21, 97, -680.029, 382.243, 511.99
21, 98, 151.536, 358.849, 273.418
21, 99, -16.6981, -50.5325, -512
22, 0, 25.4154, -512, -330.964
22, 1, 47.9461, -327.709, 339.819
22, 2, -292.968, -196.907, 487.667
22, 3, 417.094, 512, 161.33
22, 4, -27.0734, -293.286, 13.5471
22, 5, -712.68, -275.021, 511.999
22, 6, -277.305, 304.963, 42.5252
22, 7, 184.186, 216.296, 198.353
22, 8, -765.988, 408.318, 428.715
22, 9, 49.8468, -267.92, 195.091
22, 10, 133.066, 310.668, -409.179
22, 11, 252.432, 48.5448, 244.28
22, 12, 59.1897, -281.457, -363.39
22, 13, -418.092, 512, 82.1964
22, 14, 43.5942, -463.992, 265.763
22, 15, 371.834, -417.99, -31.4995
22, 16, -32.6455, -231.521, -25.5439
22, 17, 218.712, 450.056, 125.041
22, 18, 275.59, 410.342, 272.36
22, 19, 737.278, -512, -512
22, 20, -924.798, 445.527, 458.301
22, 21, -263.541, 296.397, -153.59
22, 22, 206.678, -61.3825, 103.834
22, 23, -153.166, 145.193, -247.103
22, 24, 153.071, 108.681, -319.461
22, 25, -309.258, 490.17, -329.055
22, 26, -262.634, 227.206, -512
22, 27, -31.4543, 374.084, 278.564
22, 28, -780.779, -334.89, 511.979
22, 29, 309.789, 407.029, -436.047
22, 30, -223.512, -39.7063, -357.827
22, 31, -754.792, -284.486, 511.942
22, 32, -745.698, 331.443, 511.935
22, 33, -510.312, -512, 20.0991
22, 34, 166.688, -152.657, 297.791
22, 35, -427.934, -512, 261.535
22, 36, 361.733, -442.298, 512
22, 37, 161.023, 216.678, -406.052
22, 38, 257.563, -486.695, 191.818
22, 39, 53.6303, 109.632, -183.404
22, 40, -154.054, 165.164, 112.638
22, 41, -557.51, -512, 379.917
22, 42, 578.242, 441.755, 294.482
22, 43, 295.975, -343.665, 277.104
22, 44, 279.897, -41.7471, 260.371
22, 45, -756.342, -341.139, 512
22, 46, -126.168, 512, 512
22, 47, 219.737, 96.4614, 512
22, 48, -673.847, 323.654, 511.987
22, 49, 103.802, -42.1139, 323.783
22, 50, -771.869, 351.556, 483.482
22, 51, -712.836, -275.296, 511.999
22, 52, 35.5983, -407.321, 208.393
22, 53, 439.62, 413.595, 47.1567
22, 54, 41.5252, 219.966, 74.051
22, 55, 379.202, -222.766, 358.112
22, 56, -560.569, -512, 269.654
22, 57, -126.168, 512, 512
22, 58, 645.699, 312.494, 385.411
22, 59, -707.429, -389.805, -409.628
22, 60, -393.705, -391.656, -121.831
22, 61, -702.238, -273.142, 511.999
22, 62, 171.565, -308.479, 31.8193
22, 63, -364.856, -451.843, 98.0447
22, 64, -766.61, 332.044, 474.493
22, 65, -725.998, -496.615, 380.152
22, 66, -372.193, -12.3589, 399.247
22, 67, 16.0154, -172.228, 512
22, 68, 185.47, -42.154, 246.554
22, 69, -48.071, -3.94129, 10.424
22, 70, -811.93, -485.187, 401.105
22, 71, -261.646, -396.828, -181.24
22, 72, 53.7436, -12.7959, 448.577
22, 73, 132.894, -47.4603, 476.332
22, 74, -399.867, -298.235, -494.36
22, 75, 203.052, 93.0279, 413.925
22, 76, -799.637, -329.652, 511.983
22, 77, 403.482, -512, -178.052
22, 78, 219.871, -172.246, -171.013
22, 79, -251.801, -292.517, -27.1506
22, 80, -718.812, -458.075, 361.927
22, 81, 208.011, 59.0279, -258.622
22, 82, -368.279, -273.256, 258.919
22, 83, 279.824, -334.583, 257.698
22, 84, -224.657, -111.069, 198.05
22, 85, 49.9016, 316.883, -76.5108
22, 86, -689.209, 448.736, 400.202
22, 87, 2.65983, 198.719, -512
22, 88, -495.908, 259.595, -512
22, 89, -226.995, -394.914, 65.5104
22, 90, 269.106, -325.107, -285.553
22, 91, 444.574, -230.764, -355.26
22, 92, 448.776, -447.481, 507.062
22, 93, -166.486, 136.908, -132.049
22, 94, -43.4527, -172.871, 291.819
22, 95, -557.374, -512, 379.618
22, 96, -728.354, -316.913, 502.582
22, 97, -680.039, 382.247, 512
22, 98, 210.516, 404.877, 96.5748
22, 99, 83.6687, -27.5011, -512
23, 0, 326.821, -512, 138.766
23, 1, 391.662, -323.654, 370.116
23, 2, 786.211, -512, 483.55
23, 3, -27.0734, -293.286, 13.5471
23, 4, -505.689, -492.708, -1.18767
23, 5, -712.677, -275.014, 512
23, 6, 175.618, -40.1661, 96.3283
23, 7, 83.3001, 159.742, 238.997
23, 8, -766, 408.325, 428.722
23, 9, 8.84667, 205.315, -1.63016
23, 10, -393.603, 30.1575, 347.347
23, 11, -126.975, 431.37, 12.5149
23, 12, -272.072, -234.918, -512
23, 13, 139.051, 512, 305.277
23, 14, 187.044, 54.6598, 432.743
23, 15, 96.7108, 358.028, 177.173
23, 16, 88.3912, -152.409, -21.2065
23, 17, -298.051, -84.9528, 198.896
23, 18, -506.064, -397.128, -430.285
23, 19, 153.545, 423.468, -252.541
23, 20, -924.801, 445.534, 458.297
23, 21, -403.828, 363.499, -115.717
23, 22, -367.818, 10.3932, 348.162
23, 23, 266.441, 15.9352, -512
23, 24, -80.9158, -256.853, -512
23, 25, -556.948, 310.795, -471.983
23, 26, 8.65609, 327.657, 112.938
23, 27, 298.878, 353.255, 294.513
23, 28, -780.76, -334.879, 511.968
23, 29, -223.512, -39.7063, -357.827
23, 30, 482.987, 63.0415, -512
23, 31, -754.794, -284.493, 511.939
23, 32, -745.697, 331.433, 511.94
23, 33, -357.536, 121.103, 320.792
23, 34, 310.335, -79.8281, 268.383
23, 35, 225.72, -316.138, 31.7958
23, 36, 161.023, 216.678, -406.052
23, 37, -313.17, 512, -241.503
23, 38, 54.5366, 224.845, 81.0007
23, 39, 126.238, 46.0426, -134.608
23, 40, 99.9095, 512, 441.247
23, 41, 288.907, -437.414, 469.28
23, 42, 245.182, 251.87, -406.968
23, 43, 181.397, 58.1749, 254.099
23, 44, 27.9387, 369.188, 439.106
23, 45, -756.344, -341.148, 511.99
23, 46, 552.999, -6.12572, 511.997
23, 47, 289.444, 191.69, 473.166
23, 48, -673.858, 323.66, 511.995
23, 49, -261.908, 93.848, 296.255
23, 50, -771.875, 351.562, 483.484
23, 51, -712.832, -275.287, 512
23, 52, -80.8083, 186.397, 199.601
23, 53, 41.5252, 219.966, 74.051
23, 54, 86.9089, 222.014, 358.819
23, 55, 335.208, -366.241, -15.143
23, 56, 651.664, -512, 181.405
23, 57, 95.6214, 500.489, 470.014
23, 58, -88.9798, -348.722, -147.295
23, 59, -707.416, -389.793, -409.626
23, 60, 327.652, -421.221, -78.4142
23, 61, -702.229, -273.132, 511.996
23, 62, -200.921, 76.2533, 302.782
23, 63, 9.23317, -473.766, 244.91
23, 64, -766.61, 332.049, 474.488
23, 65, -725.997, -496.613, 380.152
23, 66, 137.138, 215.896, 373.341
23, 67, 460.892, -225.478, 370.819
23, 68, -34.3777, -76.6227, 351.645
23, 69, -3.52764, -41.3538, -188.119
23, 70, -811.933, -485.197, 401.1
23, 71, 271.834, -394.334, 310.61
23, 72, 560.297, 17.3503, 498.986
23, 73, 344.574, 85.0874, 441.894
23, 74, -145.807, -263.311, 33.1626
23, 75, 696.757, 407.072, 338.637
23, 76, -799.632, -329.657, 511.971
23, 77, 236.888, -195.82, 148.879
23, 78, -251.801, -292.517, -27.1506
23, 79, -2.14715, -283.619, 36.3073
23, 80, -715.708, -458.069, 361.917
23, 81, 171.611, 106.895, 34.993
23, 82, -474.743, -512, 371.946
23, 83, -2.84949, 186.515, -405.011
23, 84, -137.642, -156.131, 248.069
23, 85, 612.298, 486.132, -512
23, 86, -689.204, 448.732, 400.2
23, 87, -570.715, 311.776, -512
23, 88, 403.055, 467.354, -438.883
23, 89, -245.178, -271.412, -26.5605
23, 90, 108.885, 438.845, 502.889
23, 91, -56.9278, -172.317, -190.085
23, 92, 269.6, -20.2315, -423.284
23, 93, 497.38, 428.591, 353.336
23, 94, -304.172, -512, -46.7787
23, 95, -884.939, -463.747, 380.574
23, 96, -728.36, -316.909, 502.593
23, 97, -680.034, 382.251, 511.99
23, 98, -530.503, 417.111, 151.884
23, 99, -332.822, 183.686, -252.584
24, 0, 563.68, 20.3096, 500.394
24, 1, 545.016, -475.711, 159.941
24, 2, -27.0734, -293.286, 13.5471
24, 3, -208.708, -454.9, -0.454992
24, 4, -480.787, -475.456, 30.5212
24, 5, -712.674, -275.008, 512
24, 6, 114.789, -25.6863, 80.2322
24, 7, -237.597, 237.482, -3.74568
24, 8, -765.999, 408.333, 428.712
24, 9, -124.643, -30.1338, 339.665
24, 10, -260.776, 84.7551, 351.372
24, 11, -480.232, 512, 41.2507
24, 12, -27.5437, -27.5485, -48.6869
24, 13, 275.59, 127.62, 178.98
24, 14, -452.505, 325.346, 452.251
24, 15, 437.592, 512, 189.022
24, 16, 17.9516, -73.2971, -32.1435
24, 17, 332.075, -407.925, -64.1944
24, 18, 281.886, -452.225, -512
24, 19, 248.347, 359.459, -305.448
24, 20, -924.802, 445.533, 458.299
24, 21, -295.425, 140.854, 333.822
24, 22, -386.095, 26.1778, 346.16
24, 23, -233.707, -320.857, -512
24, 24, -8.88983, -273.963, -512
24, 25, 117.98, -95.8833, 122.792
24, 26, 81.0617, 312.898, -76.1711
24, 27, 309.789, 407.029, -436.047
24, 28, -780.754, -334.88, 511.959
24, 29, -108.405, -70.7657, -512
24, 30, 107.092, -307.797, -113.207
24, 31, -754.806, -284.503, 511.943
24, 32, -745.711, 331.441, 511.95
24, 33, 10.0955, 354.85, 312.582
24, 34, 703.743, 423.64, -469.634
24, 35, 91.7925, -122.74, -207.733
24, 36, 104.094, -64.0485, -183.111
24, 37, -128.927, 512, -169.279
24, 38, 425.347, 376.789, 33.6006
24, 39, 548.677, 422.952, 347.808
24, 40, -258.535, 441.756, 489.117
24, 41, 245.182, 251.87, -406.968
24, 42, -31.5848, 191.974, 49.1036
24, 43, -148.197, 287.918, 64.993
24, 44, -155.845, 474.62, 512
24, 45, -756.339, -341.14, 511.994
24, 46, 87.9012, 182.586, 31.6755
24, 47, 158.131, 236.653, 309.35
24, 48, 234.308, 94.9603, 512
24, 49, 61.9555, -145.398, 186.043
24, 50, -771.889, 351.571, 483.492
24, 51, -712.826, -275.277, 512
24, 52, -258.068, -59.6005, 173.739
24, 53, -478.206, 403.884, 180.609
24, 54, -50.7355, 143.739, 354.29
24, 55, 82.8612, -125.658, -186.489
24, 56, 555.618, 6.20784, 503.2
24, 57, -126.168, 512, 512
24, 58, -283.877, -335.857, -68.4085
24, 59, -707.411, -389.788, -409.625
24, 60, -171.91, 401.089, -118.258
24, 61, -702.212, -273.122, 511.984
24, 62, 259.755, -118.472, 334.493
24, 63, 459.373, -480.674, 203.403
24, 64, -766.611, 332.05, 474.488
24, 65, -725.987, -496.605, 380.149
24, 66, -361.827, -47.745, 375.343
24, 67, -240.158, -303.809, -70.9332
24, 68, -315.219, -6.25818, 406.759
24, 69, -245.173, -330.762, -422.672
24, 70, -811.944, -485.198, 401.111
24, 71, -454.516, -48.7117, 407.129
24, 72, -399.867, -298.235, -494.36
24, 73, 232.702, 28.753, 268.386
24, 74, 97.5278, -427.607, 451.663
24, 75, 19.9964, -200.159, -451.046
24, 76, -799.64, -329.662, 511.975
24, 77, 39.8235, -126.642, 130.123
24, 78, 317.594, -386.196, 20.7888
24, 79, 237.154, -326.477, 47.9708
24, 80, -715.709, -458.065, 361.923
24, 81, 210.057, 84.7034, 185.398
24, 82, -576.381, -494.421, 365.112
24, 83, -77.1247, 297.67, -231.493
24, 84, 40.7053, -92.4185, 140.601
24, 85, -1.30435, -185.431, -71.2968
24, 86, -689.2, 448.729, 400.197
24, 87, 602.333, 512, -504.69
24, 88, -163.822, 73.3337, 93.4594
24, 89, -684.345, -282.633, 502.36
24, 90, -126.168, 512, 512
24, 91, -124.589, -163.007, -294.162
24, 92, -37.5754, -281.154, 33.1814
24, 93, 271.882, -508.103, 237.254
24, 94, -6.37834, 21.9261, -68.2798
24, 95, -884.947, -463.744, 380.585
24, 96, -728.349, -316.905, 502.584
24, 97, -680.037, 382.25, 511.995
24, 98, 218.829, 512, 215.022
24, 99, 99.173, 215, -409.997
25, 0, 545.016, -475.711, 159.941
25, 1, -27.0734, -293.286, 13.5471
25, 2, 20.7836, -149.528, 34.6701
25, 3, 291.278, -346.625, 42.1072
25, 4, -231.897, -102.094, 184.787
25, 5, -712.671, -275.007, 511.998
25, 6, -250.39, 186.95, 288.289
25, 7, 310.534, -98.906, -408.397
25, 8, -766.011, 408.337, 428.722
25, 9, -346.995, 61.7905, 343.475
25, 10, -1.12734, 397.915, 297.589
25, 11, 77.7402, 512, 227.569
25, 12, 88.3789, 196.372, -217.023
25, 13, 96.7108, 358.028, 177.173
25, 14, -491.564, 512, 456.767
25, 15, -499.083, 324.405, 203.772
25, 16, 470.336, 83.3626, -489.442
25, 17, 153.545, 423.468, -252.541
25, 18, -263.541, 296.397, -153.59
25, 19, 206.678, -61.3825, 103.834
25, 20, -924.816, 445.536, 458.31
25, 21, 123.222, 7.96396, 291.832
25, 22, -225.818, -262.166, 239.579
25, 23, -558.799, -146.713, -512
25, 24, 411.527, -274.639, 112.943
25, 25, 2.227, -83.7522, 39.9555
25, 26, 639.891, 420.878, -481.873
25, 27, -223.512, -39.7063, -357.827
25, 28, -780.749, -334.883, 511.95
25, 29, 541.575, 82.8124, -512
25, 30, -389.015, -512, 36.8763
25, 31, -754.81, -284.495, 511.953
25, 32, -745.707, 331.437, 511.948
25, 33, -275.302, -362.401, 209.494
25, 34, 161.023, 216.678, -406.052
25, 35, 340.432, -318.133, -321.725
25, 36, -206.324, -207.093, -218.947
25, 37, 94.812, -56.8851, -241.931
25, 38, -152.418, -407.428, 421.301
25, 39, -383.252, 45.6983, 346.413
25, 40, 17.8706, 420.189, 512
25, 41, 181.397, 58.1749, 254.099
25, 42, 190.896, 340.472, 262.212
25, 43, 531.895, 324.555, -268.177
25, 44, -182.064, 234.339, 506.362
25, 45, -756.336, -341.136, 511.995
25, 46, 307.671, 101.873, 188.862
25, 47, 106.889, 117.071, 378.128
25, 48, 271.614, 253.277, 79.9404
25, 49, -151.752, 51.8398, 400.277
25, 50, -771.897, 351.58, 483.493
25, 51, -712.823, -275.272, 512
25, 52, 422.853, 78.9727, 495.539
25, 53, -321.924, 455.262, 171.917
25, 54, 14.6658, 248.383, 300.359
25, 55, 6.66906, -126.497, 168.855
25, 56, -88.9798, -348.722, -147.295
25, 57, -319.747, -219.741, 512
25, 58, 345.587, -385.978, -31.2201
25, 59, -707.405, -389.778, -409.628
25, 60, -47.398, -144.898, -257.709
25, 61, -702.216, -273.118, 511.99
25, 62, 215.324, 171.234, -176.8
25, 63, 18.8693, 56.1577, -11.2005
25, 64, -766.616, 332.058, 474.485
25, 65, -725.986, -496.601, 380.153
25, 66, 220.875, -342.339, 371.899
25, 67, 45.2949, -213.069, -168.9
25, 68, 596.76, -267.99, 369.524
25, 69, -61.6008, -326.233, 319.969
25, 70, -811.954, -485.199, 401.121
25, 71, -162.019, 149.956, 512
25, 72, 68.1233, -297.359, 28.1096
25, 73, 88.8925, -74.6679, 81.3724
25, 74, 15.172, -512, 447.167
25, 75, -315.45, -237.666, -266.159
25, 76, -799.646, -329.669, 511.974
25, 77, 414.706, -194.865, 175.07
25, 78, 387.405, 213.92, -384.814
25, 79, 27.3594, 150.369, 243.474
25, 80, -718.813, -458.073, 361.929
25, 81, -126.042, -43.7784, 39.7485
25, 82, -440.521, -512, 424.969
25, 83, 278.681, 417.032, -512
25, 84, -266.237, -48.7227, 183.699
25, 85, 161.267, -192.245, -26.7313
25, 86, -689.197, 448.725, 400.198
25, 87, -163.822, 73.3337, 93.4594
25, 88, -272.281, -382.146, 357.151
25, 89, -684.343, -282.637, 502.356
25, 90, -126.168, 512, 512
25, 91, 489.791, -448.915, 497.996
25, 92, 330.724, -512, 153.036
25, 93, -399.449, 458.094, -27.6493
25, 94, 248.959, -83.4204, 329.059
25, 95, -884.935, -463.74, 380.576
25, 96, -728.354, -316.906, 502.589
25, 97, -103.347, 512, 511.994
25, 98, 137.743, 512, 222.971
25, 99, 3.00352, 198.124, -512
26, 0, -27.0734, -293.286, 13.5471
26, 1, -228.889, -275.352, -6.48697
26, 2, -174.082, -192.856, 40.068
26, 3, 184.186, 216.296, 198.353
26, 4, -36.5013, -42.9035, 140.705
26, 5, -712.669, -275, 512
26, 6, -30.6775, -128.714, 118.61
26, 7, 633.953, 174.58, 433.884
26, 8, -766.021, 408.346, 428.722
26, 9, -98.5629, 322.903, 283.542
26, 10, 13.2195, 512, 296.76
26, 11, -316.456, -40.7723, 366.545
26, 12, -143.607, 61.8958, -179.956
26, 13, 422.693, 512, 192.559
26, 14, 325.275, -13.2042, 475.005
26, 15, 304.191, 512, -47.1497
26, 16, 153.545, 423.468, -252.541
26, 17, -406.295, 214.154, -274.315
26, 18, -288.219, 386.848, -49.0441
26, 19, 102.846, -171.092, 373.336
26, 20, -924.811, 445.538, 458.303
26, 21, 230.806, -475.094, 235.07
26, 22, -13.329, -275.032, 194.882
26, 23, 398.409, -348.436, 21.3503
26, 24, 168.919, 12.5783, -242.638
26, 25, 274.598, 262.332, -337.786
26, 26, -223.512, -39.7063, -357.827
26, 27, 342.768, 31.499, -512
26, 28, -780.754, -334.89, 511.947
26, 29, 65.679, -398.136, 189.717
26, 30, -379.76, -25.0425, 371.191
26, 31, -754.811, -284.5, 511.951
26, 32, -745.702, 331.446, 511.938
26, 33, -222.704, -414.371, 57.529
26, 34, -327.163, 512, -232.374
26, 35, 54.5366, 224.845, 81.0007
26, 36, 316.126, -290.278, -327.488
26, 37, 59.6969, 0.273388, 54.7417
26, 38, 288.414, -357.207, 408.777
26, 39, 94.561, 243.961, 303.659
26, 40, 148.142, 372.908, 203.357
26, 41, 147.918, -341.862, 362.205
26, 42, -126.168, 512, 512
26, 43, -133.073, 310.943, 175.35
26, 44, 517.579, 1.66619, 493.575
26, 45, -756.334, -341.131, 512
26, 46, -168.606, 142.752, -104.779
26, 47, -493.736, -81.5788, 399.022
26, 48, 342.483, 341.914, 336.511
26, 49, 149.704, -364.647, 398.463
26, 50, -771.902, 351.585, 483.495
26, 51, -712.827, -275.278, 512
26, 52, 335.208, -366.241, -15.143
26, 53, -506.404, 512, 61.5216
26, 54, 210.988, 241.46, 380.976
26, 55, -393.75, -215.422, 249.05
26, 56, 345.54, 451.289, -176.771
26, 57, -656.676, -333.284, 500.606
26, 58, -171.91, 401.089, -118.258
26, 59, -707.408, -389.769, -409.639
26, 60, 125.456, -222.271, 99.66
26, 61, -702.21, -273.114, 511.986
26, 62, 176.166, 132.868, -173.942
26, 63, 21.1393, 27.0981, -49.6113
26, 64, -766.623, 332.063, 474.489
26, 65, -725.991, -496.607, 380.151
26, 66, 414.713, -343.003, 402.521
26, 67, 442.928, -166.53, -409.923
26, 68, 53.7436, -12.7959, 448.577
26, 69, 510.739, -322.578, 382.386
26, 70, -811.948, -485.206, 401.11
26, 71, 523.712, 155.236, 402.79
26, 72, 398.582, -218.508, 364.153
26, 73, 24.0712, 3.66162, -18.624
26, 74, -469.709, -512, 422.379
26, 75, 30.0361, -178.554, -307.423
26, 76, -799.642, -329.663, 511.975
26, 77, 387.405, 213.92, -384.814
26, 78, 27.3594, 150.369, 243.474
26, 79, 128.735, -85.951, 97.1986
26, 80, -715.71, -458.069, 361.92
26, 81, 58.6209, 4.0637, -109.904
26, 82, -244.408, -512, 351.932
26, 83, -1.30435, -185.431, -71.2968
26, 84, -205.07, 13.3785, 155.976
26, 85, -5.20577, -158.342, -48.2064
26, 86, -689.2, 448.727, 400.2
26, 87, 171.28, -347.895, 295.992
26, 88, 510.698, -418.113, 299.662
26, 89, -684.334, -282.637, 502.346
26, 90, 414.059, 512, -393.629
26, 91, 271.882, -508.103, 237.254
26, 92, -399.449, 458.094, -27.6493
26, 93, 317.194, 226.956, 459.479
26, 94, -77.3791, 153.875, -379.507
26, 95, -884.94, -463.741, 380.581
26, 96, -728.365, -316.916, 502.592
26, 97, -126.168, 512, 512
26, 98, 263.295, 512, 211.416
26, 99, -346.737, 107.868, 309.308
27, 0, -264.311, -256.692, 19.9651
27, 1, -53.2118, -196.601, 24.1202
27, 2, 106.831, 61.1206, 190.634
27, 3, -414.831, 222.955, 255.305
27, 4, -299.28, -292.195, 275.06
27, 5, -708.715, -274.994, 511.991
27, 6, 59.4308, 35.0549, 427.834
27, 7, -126.975, 431.37, 12.5149
27, 8, -766.009, 408.338, 428.718
27, 9, 230.247, 512, 214.225
27, 10, 234.31, -139.213, 338.007
27, 11, 288.175, -336.549, 371.403
27, 12, 39.7873, -255.976, -146.136
27, 13, -499.083, 324.405, 203.772
27, 14, -506.064, -397.128, -430.285
27, 15, 153.545, 423.468, -252.541
27, 16, -137.446, 144.238, -446.177
27, 17, 154.519, 273.713, -116.804
27, 18, 449.865, 198.406, 459.582
27, 19, 167.523, -113.58, 502.347
27, 20, -924.815, 445.549, 458.296
27, 21, 482.713, -442.536, 211.902
27, 22, 101.189, -263.15, 88.1309
27, 23, 168.919, 12.5783, -242.638
27, 24, -50.4541, -103.466, -13.2357
27, 25, -163.555, 277.532, -433.209
27, 26, 333.286, 29.8133, -512
27, 27, 107.092, -307.797, -113.207
27, 28, -780.766, -334.899, 511.951
27, 29, 206.09, -328.323, 257.231
27, 30, 50.4019, -143.138, 362.021
27, 31, -754.795, -284.491, 511.941
27, 32, -745.697, 331.451, 511.929
27, 33, 319.066, -512, 150
27, 34, 508.815, 511.039, -115.847
27, 35, 485.391, 419.729, 61.2172
27, 36, -152.418, -407.428, 421.301
27, 37, 103.96, -23.2383, 77.3325
27, 38, -347.795, -222.651, 512
27, 39, -91.4854, 161.112, 352.025
27, 40, 175.418, 239.524, 463.46
27, 41, 512.277, -381.092, 249.176
27, 42, 122.889, 120.046, 161.3
27, 43, 42.9898, 381.862, 195.694
27, 44, 158.131, 236.653, 309.35
27, 45, -756.329, -341.128, 511.998
27, 46, -89.5658, -68.5975, -8.48838
27, 47, -126.462, 270.437, 437.98
27, 48, 439.62, 413.595, 47.1567
27, 49, 527.573, -326.13, 414.883
27, 50, -771.909, 351.58, 483.505
27, 51, -712.831, -275.285, 512
27, 52, 82.8612, -125.658, -186.489
27, 53, 2.68816, 509.811, 504.188
27, 54, -126.168, 512, 512
27, 55, 163.883, 401.89, 267.138
27, 56, 117.734, 209.971, 44.2455
27, 57, -212.917, 187.928, 506.639
27, 58, -485.26, -133.394, -512
27, 59, -707.399, -389.765, -409.633
27, 60, 178.83, -185.92, -39.3926
27, 61, -702.209, -273.113, 511.986
27, 62, 219.107, -83.6825, -204.856
27, 63, 138.968, -172.38, 9.07506
27, 64, -766.616, 332.056, 474.487
27, 65, -725.987, -496.606, 380.146
27, 66, -261.646, -396.828, -181.24
27, 67, 53.7436, -12.7959, 448.577
27, 68, -452.257, -58.8769, 392.954
27, 69, -399.867, -298.235, -494.36
27, 70, -811.954, -485.205, 401.115
27, 71, -367.12, -436.881, -393.043
27, 72, 19.9964, -200.159, -451.046
27, 73, -164.601, 194.995, 97.3302
27, 74, -535.259, -512, 417.911
27, 75, 90.652, -222.821, -210.978
27, 76, -799.63, -329.659, 511.967
27, 77, 27.3594, 150.369, 243.474
27, 78, -426.687, 471.553, 378.626
27, 79, -205.179, 66.3237, -201.25
27, 80, -715.715, -458.071, 361.924
27, 81, -114.023, -24.4767, -162.529
27, 82, -234.776, -512, 350.541
27, 83, -156.948, -292.046, -184.02
27, 84, 197.391, 99.8522, 166.571
27, 85, -114.346, -206.791, 29.9842
27, 86, -689.215, 448.737, 400.211
27, 87, -135.373, -512, 333.229
27, 88, 269.6, -20.2315, -423.284
27, 89, -684.348, -282.643, 502.357
27, 90, 271.882, -508.103, 237.254
27, 91, -286.895, 261.069, 223.956
27, 92, -267.858, 193.137, 324.009
27, 93, -77.3791, 153.875, -379.507
27, 94, 71.8952, 139.318, -54.152
27, 95, -884.952, -463.75, 380.584
27, 96, -728.365, -316.918, 502.589
27, 97, -126.168, 512, 512
27, 98, 33.0589, 189.874, 490.884
27, 99, -333.819, -236.664, 304.353
28, 0, -14.6257, -93.1045, 60.8321
28, 1, 103.68, 102.75, 20.3944
28, 2, -199.751, -3.55445, 156.388
28, 3, -399.046, -94.9729, 387.743
28, 4, -566.677, -368.522, 512
28, 5, -708.722, -274.99, 512
28, 6, 608.909, 162.037, 415.51
28, 7, -270.417, 512, 10.937
28, 8, -766.005, 408.328, 428.724
28, 9, 556.42, 325.606, 392.675
28, 10, 96.7108, 358.028, 177.173
28, 11, -453.579, -478.685, 38.7295
28, 12, -58.0361, -67.2123, 57.2692
28, 13, -306.133, 512, 14.503
28, 14, -55.7721, -296.356, -512
28, 15, -181.821, 189.317, -429.286
28, 16, 93.367, 111.469, -459.526
28, 17, -163.214, 225.626, -243.405
28, 18, 153.071, 108.681, -319.461
28, 19, 362.986, -95.7662, 512
28, 20, -924.816, 445.551, 458.294
28, 21, 580.026, 331.718, 312.472
28, 22, 12.3762, -249.666, 81.7514
28, 23, 309.789, 407.029, -436.047
28, 24, -225.029, -95.9389, -266.195
28, 25, 279.217, 417.574, -512
28, 26, 107.092, -307.797, -113.207
28, 27, 189.13, -233.024, 107.589
28, 28, -780.766, -334.891, 511.96
28, 29, 135.755, -204.632, -70.3017
28, 30, -27.449, 129.009, 512
28, 31, -754.783, -284.486, 511.933
28, 32, -745.694, 331.441, 511.933
28, 33, 54.5366, 224.845, 81.0007
28, 34, -194.576, 347.48, -76.031
28, 35, -152.418, -407.428, 421.301
28, 36, 58.371, -403.955, 482.667
28, 37, -65.025, -74.5144, -258.621
28, 38, -124.65, -159.624, 493.381
28, 39, -547.037, 298.447, 464.786
28, 40, -220.818, -350.098, -386.486
28, 41, -133.073, 310.943, 175.35
28, 42, -232.611, -86.1193, 173.712
28, 43, -321.791, 18.9918, 336.648
28, 44, -266.353, 146.66, 337.108
28, 45, -756.325, -341.122, 511.999
28, 46, -198.404, 198.548, 333.557
28, 47, -71.8495, -223.582, 444.797
28, 48, 41.5252, 219.966, 74.051
28, 49, -472.55, -257.733, 487.156
28, 50, -771.903, 351.572, 483.505
28, 51, -712.828, -275.288, 511.996
28, 52, 86.3635, -127.472, 499.99
28, 53, -126.168, 512, 512
28, 54, 313.547, -439.772, 512
28, 55, -411.558, 124.301, 288.298
28, 56, 259.501, -355.605, -17.5852
28, 57, 516.563, -31.759, 512
28, 58, 8.9866, 36.234, 16.9512
28, 59, -707.399, -389.762, -409.637
28, 60, 18.8693, 56.1577, -11.2005
28, 61, -702.203, -273.105, 511.983
28, 62, 135.582, 189.451, 150.529
28, 63, 29.959, -255.821, -60.6009
28, 64, -766.613, 332.057, 474.483
28, 65, -725.991, -496.614, 380.143
28, 66, 555.183, -395.297, 294.632
28, 67, 555.578, 12.1493, 499.009
28, 68, 0.0903595, 67.0071, 278.009
28, 69, 85.707, -297.463, 33.1297
28, 70, -811.953, -485.214, 401.107
28, 71, 563.061, -417.986, -512
28, 72, 51.3712, -80.8924, -171.012
28, 73, 361.835, 285.698, 101.593
28, 74, -39.3779, -403.21, 428.985
28, 75, 210.646, -169.808, -169.477
28, 76, -799.632, -329.656, 511.972
28, 77, -322.183, -85.951, 378.627
28, 78, -139.096, 196.805, 280.746
28, 79, -217.292, 157.453, 55.5768
28, 80, -715.71, -458.073, 361.914
28, 81, 145.511, 87.9461, -256.452
28, 82, -256.844, -512, 311.942
28, 83, 461.116, -512, -169.845
28, 84, -163.822, 73.3337, 93.4594
28, 85, -627.258, -301.184, 494.168
28, 86, -689.21, 448.733, 400.207
28, 87, 1049.13, -512, 512
28, 88, -549.021, -251.005, 503.106
28, 89, -688.507, -282.653, 502.362
28, 90, -399.449, 458.094, -27.6493
28, 91, -399.683, 41.9445, 364.942
28, 92, 558.786, 17.9539, 512
28, 93, -131.427, 185.772, -76.3608
28, 94, -111.897, -121.972, 75.6693
28, 95, -884.951, -463.752, 380.581
28, 96, -728.357, -316.919, 502.579
28, 97, -387.284, 292.087, 512
28, 98, -123.69, 142.142, 512
28, 99, 261.441, -200.527, 348.714
29, 0, -123.622, -270.069, 163.648
29, 1, -42.0561, 55.1866, -64.6725
29, 2, -235.03, 196.602, 325.157
29, 3, -333.507, -203.057, 288.451
29, 4, -202.099, -408.312, 418.018
29, 5, -708.717, -274.981, 512
29, 6, -278.622, -399.188, -182.1
29, 7, -254.863, 512, 100.223
29, 8, -766.017, 408.335, 428.732
29, 9, 96.7108, 358.028, 177.173
29, 10, 351.007, 512, 202.138
29, 11, 522.769, -482.825, 182.949
29, 12, -161.511, -79.0205, -324.887
29, 13, 11.4636, -138.901, -230.884
29, 14, -3.48419, -282.894, -512
29, 15, -11.8353, 252.909, -238.392
29, 16, -262.593, -20.145, 421.234
29, 17, -433.768, 248.216, -512
29, 18, -309.258, 490.17, -329.055
29, 19, -48.8038, 120.319, -87.0091
29, 20, -924.828, 445.558, 458.3
29, 21, 168.919, 12.5783, -242.638
29, 22, -259.723, -92.5168, -284.671
29, 23, -223.512, -39.7063, -357.827
29, 24, 0.93715, -47.1623, -512
29, 25, 107.092, -307.797, -113.207
29, 26, -238.347, -512, 49.2249
29, 27, 424.778, 337.398, 405.036
29, 28, -780.769, -334.896, 511.959
29, 29, 3.80337, 388.325, -512
29, 30, 277.059, -121.847, 512
29, 31, -754.794, -284.496, 511.937
29, 32, -745.699, 331.445, 511.935
29, 33, -13.8493, -90.8328, 57.8901
29, 34, -942.576, 512, 407.833
29, 35, 371.385, -383.46, -19.9592
29, 36, -263.98, -396.972, 512
29, 37, 110.352, -26.1015, 109.684
29, 38, 443.798, 163.15, 391.836
29, 39, 99.1755, 512, 444.903
29, 40, 150.91, -272.418, -87.321
29, 41, 305.499, 114.364, 179.141
29, 42, -95.638, -140.169, 243.037
29, 43, 380.306, -72.0165, 305.035
29, 44, 219.039, -152.492, 340.981
29, 45, -756.319, -341.115, 512
29, 46, 272.483, -210.177, 348.07
29, 47, 264.5, 65.2577, 438.347
29, 48, 402.685, 512, 343.399
29, 49, -373.966, -222.19, 487.039
29, 50, -771.898, 351.57, 483.501
29, 51, -712.832, -275.288, 512
29, 52, 350.104, -440.451, 507.33
29, 53, 39.0373, 218.849, 489.642
29, 54, 117.734, 209.971, 44.2455
29, 55, -241.469, -240.296, 236.629
29, 56, 360.099, 400.238, -487.803
29, 57, -164.619, 186.592, 274.534
29, 58, -134.788, -2.31199, 134.992
29, 59, -707.398, -389.76, -409.637
29, 60, -148.392, -145.221, -68.1423
29, 61, -702.204, -273.102, 511.986
29, 62, -613.849, 430.105, 175.755
29, 63, -119.455, -280.678, -238.572
29, 64, -766.602, 332.049, 474.479
29, 65, -725.998, -496.615, 380.152
29, 66, -454.516, -48.7117, 407.129
29, 67, -399.867, -298.235, -494.36
29, 68, 193.96, 69.6666, 226.183
29, 69, 24.12, -318.834, 125.595
29, 70, -811.947, -485.218, 401.098
29, 71, 236.888, -195.82, 148.879
29, 72, -116.414, -3.63686, -178.407
29, 73, 153.825, 235.014, 60.2628
29, 74, 78.6522, -437.474, 449.945
29, 75, 27.3594, 150.369, 243.474
29, 76, -799.643, -329.662, 511.977
29, 77, 34.6342, 66.1012, 273.176
29, 78, 660.374, 288.008, 374.979
29, 79, 260.192, 292.56, -64.6516
29, 80, -715.712, -458.077, 361.913
29, 81, -44.7833, 179.743, -404.285
29, 82, -142.365, -512, 326.227
29, 83, -163.822, 73.3337, 93.4594
29, 84, -272.266, -382.149, 357.135
29, 85, -584.734, -307.423, 491.127
29, 86, -689.203, 448.732, 400.199
29, 87, -549.021, -251.005, 503.106
29, 88, -38.908, -172.945, 507.217
29, 89, -688.501, -282.644, 502.362
29, 90, 152.948, 207.527, 374.644
29, 91, -383.53, 134.999, 277.062
29, 92, -123.01, -25.5534, 198.832
29, 93, -352.918, 474.391, 29.367
29, 94, 107.932, -216.115, -31.5526
29, 95, -884.942, -463.753, 380.571
29, 96, -728.361, -316.914, 502.588
29, 97, 475.188, -51.9884, 512
29, 98, 410.107, 148.878, 461.809
29, 99, 237.307, -302.762, 444.276
30, 0, -156.937, -179.38, 119.52
30, 1, -16.9384, -16.5247, 207.358
30, 2, -238.971, -89.5469, 175.84
30, 3, 532.944, -291.947, 366.524
30, 4, 146.998, 311.09, 419.003
30, 5, -708.718, -274.989, 511.996
30, 6, -31.1992, -340.68, 109.97
30, 7, -170.063, 11.5143, 416.03
30, 8, -766.026, 408.342, 428.735
30, 9, 459.906, 512, 172.089
30, 10, -499.083, 324.405, 203.772
30, 11, -506.064, -397.128, -430.285
30, 12, -119.133, -73.2519, -512
30, 13, -278.296, 121.599, -425.838
30, 14, -45.9073, -305.37, -365.819
30, 15, 432.017, 116.745, 441.88
30, 16, 378.029, -88.184, 512
30, 17, -51.9935, -58.391, -512
30, 18, -627.334, 296.283, -471.975
30, 19, 49.6566, -146.782, 189.781
30, 20, -924.824, 445.558, 458.296
30, 21, 78.3203, -20.9922, -402.105
30, 22, -40.8347, -122.669, -153.769
30, 23, -626.53, -166.951, -512
30, 24, 552.317, 88.6683, -512
30, 25, 66.1301, -239.765, 82.6189
30, 26, -94.951, -395.286, 415.28
30, 27, 135.755, -204.632, -70.3017
30, 28, -780.753, -334.887, 511.949
30, 29, -312.026, 232.597, -512
30, 30, 257.563, -486.695, 191.818
30, 31, -754.792, -284.492, 511.938
30, 32, -745.701, 331.452, 511.933
30, 33, 640.776, 177.517, 431.556
30, 34, -942.583, 512, 407.839
30, 35, 245.182, 251.87, -406.968
30, 36, -213.022, -399.022, 406.62
30, 37, -216.41, -212.419, 454.669
30, 38, -220.818, -350.098, -386.486
30, 39, -214.697, 173.845, 342.845
30, 40, -37.7658, -29.65, -55.3945
30, 41, 158.131, 236.653, 309.35
30, 42, -256.394, -95.4154, 208.809
30, 43, 271.614, 253.277, 79.9404
30, 44, 342.483, 341.914, 336.511
30, 45, -756.311, -341.107, 512
30, 46, 41.5252, 219.966, 74.051
30, 47, -472.55, -257.733, 487.156
30, 48, 335.208, -366.241, -15.143
30, 49, 111.476, -157.635, 512
30, 50, -771.907, 351.57, 483.511
30, 51, -712.833, -275.295, 511.997
30, 52, -117.499, 475.886, 61.2658
30, 53, 448.052, 18.3087, 473.767
30, 54, 104.493, 136.94, -47.5975
30, 55, 69.7179, 200.768, 366.173
30, 56, -164.619, 186.592, 274.534
30, 57, -14.7094, 13.9359, 192.545
30, 58, -82.3022, -44.8078, 146.906
30, 59, -707.395, -389.754, -409.639
30, 60, 11.1307, -83.957, 72.5181
30, 61, -702.206, -273.108, 511.985
30, 62, -67.6329, 323.93, 100.66
30, 63, -170.274, -512, -452.642
30, 64, -766.61, 332.049, 474.488
30, 65, -726.004, -496.616, 380.16
30, 66, -338.973, -270.154, 305.936
30, 67, -554.908, -303.375, -449.95
30, 68, -374.404, 210.528, 239.521
30, 69, 331.686, -288.946, -129.602
30, 70, -811.952, -485.222, 401.101
30, 71, -251.801, -292.517, -27.1506
30, 72, -162.342, -155.685, -97.152
30, 73, -65.5681, 176.553, 91.4616
30, 74, -140.829, -394.734, 410.275
30, 75, -179.455, 448.187, -63.1925
30, 76, -799.632, -329.659, 511.969
30, 77, 85.2255, 48.8047, 279.329
30, 78, -135.703, -108.039, -483.282
30, 79, -1.30435, -185.431, -71.2968
30, 80, -715.712, -458.079, 361.91
30, 81, 6.14859, 120.319, -340.893
30, 82, -551.359, -448.985, 351.117
30, 83, -188.258, 20.3471, 410.29
30, 84, 506.514, -415.016, 299.663
30, 85, -248.981, -332.668, 473.925
30, 86, -689.206, 448.728, 400.208
30, 87, -86.5197, -113.311, 80.1522
30, 88, 166.703, -428.059, 512
30, 89, -184.129, -72.0459, 462.584
30, 90, 56.4183, 62.5128, 272.835
30, 91, -449.377, 155.219, 288.275
30, 92, 135.782, 95.0927, 18.7523
30, 93, 556.339, 512, -97.5043
30, 94, 411.474, -231.168, -328.458
30, 95, -884.947, -463.749, 380.58
30, 96, -728.355, -316.908, 502.587
30, 97, 29.9472, -482.762, 109.382
30, 98, 237.307, -302.762, 444.276
30, 99, 623.261, -291.062, 375.322
31, 0, 172.834, -73.7304, -206.304
31, 1, -125.385, 241.267, 30.438
31, 2, -397.756, -152.781, 460.712
31, 3, -126.975, 431.37, 12.5149
31, 4, -590.686, 388.98, 512
31, 5, -708.726, -274.998, 512
31, 6, 213.419, -203.154, 341.144
31, 7, 478.419, -335.844, 410.864
31, 8, -766.019, 408.333, 428.736
31, 9, -499.083, 324.405, 203.772
31, 10, 402.524, 512, 343.976
31, 11, -319.134, 354.798, -512
31, 12, -150.278, -79.797, -512
31, 13, -147.362, 177.071, -235.643
31, 14, 672.763, -282.08, 407.052
31, 15, 153.071, 108.681, -319.461
31, 16, -309.258, 490.17, -329.055
31, 17, -622.83, -164.988, -512
31, 18, -124.784, -192.46, 36.9429
31, 19, 206.522, -130.598, 342.222
31, 20, -924.824, 445.566, 458.287
31, 21, 158.67, -9.62821, -512
31, 22, -98.7526, -191.8, -89.7381
31, 23, 238.545, 8.0667, -512
31, 24, 65.679, -398.136, 189.717
31, 25, -22.4527, -167.826, 287.987
31, 26, 996.684, -512, 500.628
31, 27, -361.097, 238.929, -512
31, 28, -780.743, -334.883, 511.942
31, 29, 378.928, 512, -131.89
31, 30, 54.5366, 224.845, 81.0007
31, 31, -754.786, -284.485, 511.937
31, 32, -745.704, 331.444, 511.941
31, 33, -383.252, 45.6983, 346.413
31, 34, -942.575, 512, 407.832
31, 35, 181.397, 58.1749, 254.099
31, 36, 383.361, 128.131, 464.832
31, 37, -502.905, -124.427, 411.393
31, 38, -2.81462, 110.505, -107.288
31, 39, -405.691, 35.0355, 351.745
31, 40, 44.4532, 179.917, -22.2077
31, 41, -168.606, 142.752, -104.779
31, 42, -83.5125, -288.248, 238.832
31, 43, 342.483, 341.914, 336.511
31, 44, 439.62, 413.595, 47.1567
31, 45, -756.307, -341.103, 512
31, 46, 398.643, 153.721, 463.64
31, 47, -351.314, -215.398, 486.7
31, 48, 82.8612, -125.658, -186.489
31, 49, 99.8747, -159.173, 511.938
31, 50, -771.9, 351.563, 483.508
31, 51, -712.83, -275.286, 511.998
31, 52, 260.36, 246.048, 89.3675
31, 53, -171.91, 401.089, -118.258
31, 54, -62.1553, 116.275, 9.2725
31, 55, 241.96, 276.412, 399.719
31, 56, 100.537, 27.7853, 286.862
31, 57, 67.1128, 24.5279, 199.104
31, 58, -45.0328, 211.188, 71.6388
31, 59, -707.389, -389.75, -409.636
31, 60, -55.7009, -5.96295, 15.1368
31, 61, -702.201, -273.106, 511.981
31, 62, 192.958, 178.166, 14.5298
31, 63, -337.984, -512, -414.964
31, 64, -766.616, 332.048, 474.496
31, 65, -726.002, -496.621, 380.15
31, 66, 12.6809, -226.229, 326.386
31, 67, -567.739, -148.203, -512
31, 68, -211.425, 423.75, -0.467604
31, 69, 236.888, -195.82, 148.879
31, 70, -811.956, -485.227, 401.1
31, 71, -2.14876, -283.607, 36.3056
31, 72, -7.72574, -16.655, 6.93623
31, 73, 63.1079, 26.3497, 291.415
31, 74, 285.461, -512, 222.371
31, 75, 167.065, 405.659, -512
31, 76, -799.638, -329.661, 511.973
31, 77, 109.566, -10.9633, 95.11
31, 78, 92.1707, -25.8822, -512
31, 79, 293.743, -252.11, -105.468
31, 80, -715.716, -458.082, 361.911
31, 81, 276.759, 75.5195, -271.923
31, 82, -795.52, -307.989, 509.075
31, 83, -404.717, -84.558, 386.453
31, 84, 269.6, -20.2315, -423.284
31, 85, 681.648, -268.41, 382.201
31, 86, -689.201, 448.718, 400.213
31, 87, 99.2459, -265.678, 82.52
31, 88, 402.744, 148.072, 462.17
31, 89, 53.47, -167.528, 512
31, 90, -230.589, 79.372, 365.712
31, 91, 394.446, 512, 344.948
31, 92, -4.23472, 117.309, 21.8588
31, 93, 291.755, -29.0921, -488.981
31, 94, 240.812, 207.069, 476.125
31, 95, -884.94, -463.743, 380.579
31, 96, -728.365, -316.917, 502.589
31, 97, -611.56, -512, 386.494
31, 98, 623.261, -291.062, 375.322
31, 99, -419.429, 499.669, -325.764
32, 0, -27.1582, -76.8925, -162.644
32, 1, -126.742, 63.8364, 100.356
32, 2, -92.1367, -301.807, 461.965
32, 3, 551.332, 512, -102.226
32, 4, -126.168, 512, 512
32, 5, -708.723, -274.992, 512
32, 6, 690.616, -272.139, 382.953
32, 7, -453.579, -478.685, 38.7295
32, 8, -766.027, 408.338, 428.74
32, 9, 59.1671, 178.899, 32.2765
32, 10, 153.545, 423.468, -252.541
32, 11, 294.948, 21.4187, -512
32, 12, -176.645, -49.2142, -304.342
32, 13, 157.997, 263.77, 402.195
32, 14, 153.071, 108.681, -319.461
32, 15, 396.184, 431.202, -512
32, 16, 262.018, 380.014, -297.965
32, 17, 395.875, -279.094, 112.944
32, 18, 51.5649, -179.589, -188.163
32, 19, 322.898, -421.578, 309.915
32, 20, -924.817, 445.565, 458.281
32, 21, 16.8621, -42.3968, -512
32, 22, 94.6236, -512, -86.9769
32, 23, 216.549, 186.258, -203.861
32, 24, -65.9072, 158.065, 353.757
32, 25, -79.9626, -306.402, 323.098
32, 26, 703.743, 423.64, -469.634
32, 27, 371.428, 37.9788, -512
32, 28, -780.755, -334.892, 511.945
32, 29, 54.5366, 224.845, 81.0007
32, 30, 48.7569, -94.04, 16.9981
32, 31, -754.799, -284.493, 511.944
32, 32, -745.711, 331.445, 511.947
32, 33, -68.2781, -221.086, 319.592
32, 34, -942.58, 512, 407.836
32, 35, -8.32207, 46.0734, -74.9791
32, 36, -220.818, -350.098, -386.486
32, 37, 8.05347, -235.908, 444.846
32, 38, 0.616348, 132.449, -72.9015
32, 39, 556.826, 172.04, 448.539
32, 40, 123.734, 41.3923, -129.607
32, 41, 290.224, 325.412, -15.3605
32, 42, -75.4273, -53.1261, 147.819
32, 43, 439.62, 413.595, 47.1567
32, 44, 41.5252, 219.966, 74.051
32, 45, -756.311, -341.108, 512
32, 46, 335.208, -366.241, -15.143
32, 47, -520.546, -245.021, 512
32, 48, -263.639, -119.872, 471.994
32, 49, 1049.13, -512, 512
32, 50, -771.907, 351.572, 483.51
32, 51, -712.828, -275.282, 511.999
32, 52, -171.91, 401.089, -118.258
32, 53, -156.374, 117.241, 256.876
32, 54, 271.375, -15.3945, 278.835
32, 55, 215.324, 171.234, -176.8
32, 56, 181.275, 11.5898, 282.812
32, 57, 88.7679, -25.5646, 314.776
32, 58, -235.357, 322.495, 188.149
32, 59, -707.395, -389.756, -409.638
32, 60, -156.199, 34.3711, -185.279
32, 61, -702.202, -273.114, 511.978
32, 62, -329.39, 173.122, -259.255
32, 63, 500.603, -512, 169.136
32, 64, -766.603, 332.043, 474.487
32, 65, -726.005, -496.621, 380.155
32, 66, -557.432, -512, 379.746
32, 67, -44.4118, -365.776, -512
32, 68, -285.3, 415.406, 132.927
32, 69, 63.8967, -221.807, 136.684
32, 70, -811.954, -485.223, 401.102
32, 71, 91.4424, 48.8077, -242.933
32, 72, 295.483, 108.161, 207.519
32, 73, 81.8917, -169.083, 137.01
32, 74, -2.84949, 186.515, -405.011
32, 75, 556.096, 512, -94.71
32, 76, -799.632, -329.663, 511.965
32, 77, -183.801, 86.1454, 92.6266
32, 78, -305.499, -105.197, -512
32, 79, -147.623, -177.068, 36.5587
32, 80, -715.716, -458.081, 361.913
32, 81, 108.885, 438.845, 502.889
32, 82, -795.52, -307.992, 509.071
32, 83, 223.825, -94.6973, 335.124
32, 84, -549.021, -251.005, 503.106
32, 85, 271.882, -508.103, 237.254
32, 86, -659.113, 445.897, 397.077
32, 87, -108.106, -78.9418, -260.935
32, 88, -77.3791, 153.875, -379.507
32, 89, -76.181, -150.336, 378.851
32, 90, 105.222, 479.649, 169.288
32, 91, -121.476, -101.789, -134.608
32, 92, -423.458, 98.6571, -394.942
32, 93, 240.812, 207.069, 476.125
32, 94, 28.27, -105.522, 490.534
32, 95, -884.951, -463.752, 380.581
32, 96, -728.376, -316.923, 502.597
32, 97, 559.788, -512, 471.604
32, 98, -419.429, 499.669, -325.764
32, 99, -764.029, 512, 467.927
33, 0, -241.999, -164.863, 409.025
33, 1, -261.933, 354.08, 108.383
33, 2, -732.969, -279.862, 512
33, 3, 43.5942, -463.992, 265.763
33, 4, -137.619, 28.6324, 412.615
33, 5, -708.719, -274.986, 512
33, 6, -453.579, -478.685, 38.7295
33, 7, 668.257, -499.794, 173.733
33, 8, -766.014, 408.331, 428.732
33, 9, 109.885, 149.938, 141.932
33, 10, -335.676, 207.371, -455.583
33, 11, 206.678, -61.3825, 103.834
33, 12, 172.769, -165.031, 316.199
33, 13, 316.676, 213.858, 395.694
33, 14, -63.2131, -316.865, -336.541
33, 15, -48.8038, 120.319, -87.0091
33, 16, 580.026, 331.718, 312.472
33, 17, 168.919, 12.5783, -242.638
33, 18, 281.681, -222.942, -361.723
33, 19, -223.512, -39.7063, -357.827
33, 20, -924.808, 445.563, 458.274
33, 21, -362.872, 239.913, -512
33, 22, -520.225, -512, -14.5883
33, 23, 391.855, 282.328, 332.774
33, 24, 327.336, 244.562, 354.143
33, 25, -517.352, -258.138, 268.69
33, 26, 161.023, 216.678, -406.052
33, 27, 257.563, -486.695, 191.818
33, 28, -780.752, -334.888, 511.947
33, 29, 342.76, 235.071, 169.06
33, 30, 80.2694, 50.1789, 424.31
33, 31, -754.805, -284.492, 511.951
33, 32, -745.707, 331.45, 511.94
33, 33, -288.275, -234.122, 15.628
33, 34, -942.588, 512, 407.844
33, 35, -301.679, -18.7544, -336.298
33, 36, -292.095, -329.954, -81.9901
33, 37, -434.014, -158.403, 445.526
33, 38, 220.362, -83.9895, -205.815
33, 39, -168.606, 142.752, -104.779
33, 40, 62.4209, 141.897, -54.0778
33, 41, 342.483, 341.914, 336.511
33, 42, 179.38, -168.395, 145.516
33, 43, 41.5252, 219.966, 74.051
33, 44, -709.18, 499.738, -275.08
33, 45, -756.318, -341.114, 512
33, 46, 82.8612, -125.658, -186.489
33, 47, 614.268, -248.072, 382.415
33, 48, 601.174, -512, 473.95
33, 49, -117.499, 475.886, 61.2658
33, 50, -771.911, 351.576, 483.51
33, 51, -712.822, -275.275, 511.997
33, 52, 269.108, -170.377, -152.812
33, 53, -43.2502, 190.106, 195.971
33, 54, 215.324, 171.234, -176.8
33, 55, 196.22, 130.975, -183.354
33, 56, 2.6571, -20.1012, 448.678
33, 57, -191.646, -47.1831, 161.721
33, 58, 345.706, 317.181, 143.29
33, 59, -707.398, -389.754, -409.641
33, 60, 241.616, -335.817, -292.885
33, 61, -702.196, -273.067, 511.997
33, 62, -333.436, 140.881, 271.205
33, 63, -399.867, -298.235, -494.36
33, 64, -766.607, 332.043, 474.491
33, 65, -726.007, -496.628, 380.148
33, 66, -538.542, -512, 377.941
33, 67, -150.324, -512, -227.852
33, 68, -38.9954, 512, 118.706
33, 69, -179.076, -96.9623, 170.538
33, 70, -811.944, -485.219, 401.095
33, 71, -166.632, -79.9932, -322.209
33, 72, 279.824, -334.583, 257.698
33, 73, -130.248, -222.941, -152.188
33, 74, 257.345, 234.041, -96.9521
33, 75, -135.703, -108.039, -483.282
33, 76, -799.634, -329.666, 511.963
33, 77, 291.635, 117.25, 212.457
33, 78, 386.112, -35.0631, -439.092
33, 79, -93.2894, -195.82, 122.809
33, 80, -715.715, -458.073, 361.922
33, 81, -126.168, 512, 512
33, 82, -795.513, -307.992, 509.064
33, 83, 557.759, 26.1069, 508.927
33, 84, 92.2694, -18.5723, 455.835
33, 85, -399.449, 458.094, -27.6493
33, 86, 321.728, 173.316, 381.796
33, 87, 406.828, 44.3962, -512
33, 88, 254.547, 143.883, -190.039
33, 89, -95.6613, -58.3541, 350.943
33, 90, 275.172, 473.218, 106.57
33, 91, -38.0146, -105.58, 156.186
33, 92, 312.179, -98.8721, -408.611
33, 93, 121.13, 186.521, 485.007
33, 94, 511.405, 58.8626, 495.12
33, 95, -884.964, -463.757, 380.589
33, 96, -728.386, -316.928, 502.604
33, 97, -419.429, 499.669, -325.764
33, 98, -272.731, 512, 465.195
33, 99, -764.032, 512, 467.933
34, 0, -513.462, 405.402, 408.996
34, 1, 165.216, 311.776, -5.55298
34, 2, -732.974, -279.87, 512
34, 3, 294.187, -234.415, 420.277
34, 4, -18.9396, -102.188, 240.097
34, 5, -511.678, -244.122, 511.779
34, 6, -261.734, -334.002, -96.9814
34, 7, -506.064, -397.128, -430.285
34, 8, -766.018, 408.339, 428.728
34, 9, -176.344, -224.361, 70.4738
34, 10, 341.419, 222.641, -394.112
34, 11, 337.888, -46.3677, 289.483
34, 12, 32.9726, -185.228, 398.126
34, 13, -309.258, 490.17, -329.055
34, 14, -627.855, -316.878, -479.144
34, 15, -31.4543, 374.084, 278.564
34, 16, 168.919, 12.5783, -242.638
34, 17, 378.932, -123.384, -376.095
34, 18, -223.512, -39.7063, -357.827
34, 19, -626.53, -166.951, -512
34, 20, -924.801, 445.558, 458.272
34, 21, 34.401, 80.0015, -152.475
34, 22, 317.508, -512, 91.2217
34, 23, 135.755, -204.632, -70.3017
34, 24, 703.743, 423.64, -469.634
34, 25, 211.76, -267.335, 75.7276
34, 26, 424.225, 512, -62.1107
34, 27, 25.6653, -354.305, 224.457
34, 28, -780.745, -334.882, 511.945
34, 29, -152.418, -407.428, 421.301
34, 30, 517.934, 21.1313, 483.632
34, 31, -754.795, -284.487, 511.944
34, 32, -745.712, 331.451, 511.945
34, 33, 212.754, -270.439, 441.283
34, 34, -942.575, 511.994, 407.838
34, 35, -104.688, -169.72, -195.187
34, 36, -253.694, -307.623, -72.2327
34, 37, -377.063, -227.547, 483.921
34, 38, -18.9338, -94.973, -170.968
34, 39, -27.6903, -61.6464, -19.5205
34, 40, -123.58, 100.563, -118.749
34, 41, 439.62, 413.595, 47.1567
34, 42, 239.152, -239.543, 110.443
34, 43, -304.65, 142.385, 268.641
34, 44, -709.174, 499.732, -275.08
34, 45, -756.317, -341.116, 511.997
34, 46, -273.695, -123.878, 472.114
34, 47, -88.9798, -348.722, -147.295
34, 48, -117.499, 475.886, 61.2658
34, 49, -204.034, 154.569, 49.7293
34, 50, -771.913, 351.583, 483.508
34, 51, -712.81, -275.268, 511.989
34, 52, -96.184, -123.045, 183.315
34, 53, -72.4881, -26.673, 138.668
34, 54, 83.6675, 117.692, -191.662
34, 55, -115.604, 253.792, -224.206
34, 56, -274.936, -102.994, 467.23
34, 57, 86.5815, -260.181, 184.895
34, 58, -198.537, 61.205, -206.543
34, 59, 737.278, -512, -512
34, 60, 13.1333, -352.002, -41.1458
34, 61, 380.893, -250.335, -302.259
34, 62, 456.101, 385.965, 38.7063
34, 63, -280.871, -256.465, 5.00112
34, 64, -766.594, 332.036, 474.485
34, 65, -726.005, -496.632, 380.141
34, 66, 404.398, -512, 119.165
34, 67, -461.614, -512, -267.082
34, 68, 67.5974, 161.781, 126.367
34, 69, -196.443, -158.448, -85.9355
34, 70, -811.946, -485.217, 401.099
34, 71, -167.338, 74.8341, 92.9295
34, 72, -2.84949, 186.515, -405.011
34, 73, -48.5255, -348.711, 111.116
34, 74, 448.095, 318.655, 294.816
34, 75, 92.171, -25.8826, -512
34, 76, -799.634, -329.667, 511.961
34, 77, -147.623, -177.068, 36.5587
34, 78, -163.822, 73.3337, 93.4594
34, 79, 183.992, -250.985, 183.79
34, 80, -715.715, -458.076, 361.918
34, 81, -126.168, 512, 512
34, 82, -795.525, -307.997, 509.072
34, 83, 271.882, -508.103, 237.254
34, 84, 511.543, -25.113, 508.101
34, 85, -808.841, 427.291, 433.76
34, 86, -77.3791, 153.875, -379.507
34, 87, -123.01, -25.5534, 198.832
34, 88, -0.738954, 512, -160.194
34, 89, 22.0127, -3.37852, 308.615
34, 90, 291.755, -29.0921, -488.981
34, 91, 158.132, -32.615, 97.3618
34, 92, 288.717, 311.695, -48.2105
34, 93, 148.004, -40.4994, 474.059
34, 94, 237.307, -302.762, 444.276
34, 95, -884.976, -463.762, 380.596
34, 96, -728.374, -316.92, 502.599
34, 97, -764.049, 512, 467.966
34, 98, 9.01971, 425.07, 493.942
34, 99, -764.03, 511.996, 467.937
35, 0, -325.37, 403.108, 401.979
35, 1, -294.108, 283.34, -155.719
35, 2, -732.971, -279.865, 512
35, 3, 96.7108, 358.028, 177.173
35, 4, -121.657, -16.3487, 192.875
35, 5, -682.305, -269.697, 511.846
35, 6, 737.278, -512, -512
35, 7, -308.913, -341.335, -512
35, 8, -766.02, 408.344, 428.725
35, 9, 184.03, -208.586, 145.677
35, 10, 384.255, 132.535, 464.166
35, 11, 153.071, 108.681, -319.461
35, 12, 530.65, -23.5491, 512
35, 13, 639.97, 495.3, -464.495
35, 14, -217.522, 210.242, -499.196
35, 15, -615.688, 365.115, 482.344
35, 16, -526.314, 323.041, -512
35, 17, -223.512, -39.7063, -357.827
35, 18, 371.075, 37.1028, -512
35, 19, -78.9042, -65.9929, -512
35, 20, -924.797, 445.551, 458.275
35, 21, 57.5114, 354.612, -436.89
35, 22, 135.755, -204.632, -70.3017
35, 23, -266.574, -260.067, -209.509
35, 24, 161.023, 216.678, -406.052
35, 25, 370.603, -512, 228.497
35, 26, 54.5366, 224.845, 81.0007
35, 27, -437.089, -306.921, 181.765
35, 28, -780.757, -334.889, 511.952
35, 29, -10.575, -396.042, 482.667
35, 30, 245.182, 251.87, -406.968
35, 31, -754.798, -284.486, 511.948
35, 32, -745.723, 331.457, 511.952
35, 33, 440.805, -222.111, 387.902
35, 34, -942.583, 511.999, 407.84
35, 35, -43.9436, 9.00617, -151.439
35, 36, 181.827, 63.4983, -309.237
35, 37, 475.622, -21.3531, 499.49
35, 38, 117.536, 121.761, -190.31
35, 39, 55.8903, 119.921, -334.786
35, 40, 71.9428, 70.622, -136.294
35, 41, 41.5252, 219.966, 74.051
35, 42, -472.55, -257.733, 487.156
35, 43, -154.878, 291.44, 291.729
35, 44, 594.724, 496.721, -512
35, 45, -756.32, -341.116, 512
35, 46, 342.594, 79.4846, 512
35, 47, 209.95, -341.856, -190.935
35, 48, -207.846, 174.711, 51.9805
35, 49, -96.4305, -258.507, -46.1816
35, 50, -771.91, 351.589, 483.5
35, 51, 212.598, -355.942, 441.293
35, 52, -50.6196, 83.1741, 389.652
35, 53, -164.894, 8.21864, 135.319
35, 54, 90.4059, -186.198, -353.328
35, 55, 412.412, 343.155, -294.852
35, 56, 4.60082, -372.733, 464.976
35, 57, 186.863, -271.629, 81.4634
35, 58, 61.5652, 493.561, -414.221
35, 59, 53.7436, -12.7959, 448.577
35, 60, 124.826, -432.749, -415.557
35, 61, -399.867, -298.235, -494.36
35, 62, 232.702, 28.753, 268.386
35, 63, 198.081, -194.001, -384.173
35, 64, -766.585, 332.032, 474.477
35, 65, -726.009, -496.635, 380.143
35, 66, -251.801, -292.517, -27.1506
35, 67, -466.468, -422.459, -176.489
35, 68, 78.3554, -108.545, -80.1223
35, 69, 302.668, -202.371, 197.014
35, 70, -811.955, -485.222, 401.103
35, 71, 200.759, -138.942, 512
35, 72, -253.69, 209.008, -295.506
35, 73, 134.886, -483.791, -59.3657
35, 74, -1.30435, -185.431, -71.2968
35, 75, -79.2773, -65.5795, -512
35, 76, -799.638, -329.67, 511.962
35, 77, -70.8146, -208.431, 117.99
35, 78, 432.091, 42.2795, -501.225
35, 79, -557.076, -329.954, 180.418
35, 80, -715.71, -458.076, 361.911
35, 81, -126.168, 512, 512
35, 82, -795.536, -308.005, 509.076
35, 83, -399.449, 458.094, -27.6493
35, 84, 402.744, 148.072, 462.17
35, 85, -808.837, 427.293, 433.754
35, 86, 139.442, 152.835, -211.942
35, 87, -251.677, -484.214, 267.006
35, 88, 475.782, 512, -70.5345
35, 89, -112.902, 14.4374, 123.344
35, 90, 240.812, 207.069, 476.125
35, 91, 241.982, -220.557, 154.74
35, 92, 29.9472, -482.762, 109.382
35, 93, -5.34958, 133.583, 506.94
35, 94, 623.261, -291.062, 375.322
35, 95, -884.962, -463.754, 380.59
35, 96, -728.386, -316.926, 502.607
35, 97, -764.051, 512, 467.971
35, 98, -209.995, 512, 267.63
35, 99, -764.034, 512, 467.936
36, 0, -312.704, 381.191, 418.474
36, 1, -209.093, -45.0678, 356.384
36, 2, -732.967, -279.859, 512
36, 3, 367.735, 512, 200.049
36, 4, -46.1188, -214.87, 319.87
36, 5, -429.635, -233.065, 512
36, 6, 153.545, 423.468, -252.541
36, 7, -569.384, -198.737, -512
36, 8, -766.021, 408.343, 428.727
36, 9, -83.739, -226.907, 448.402
36, 10, 153.071, 108.681, -319.461
36, 11, -101.095, 173.794, -299.122
36, 12, -48.8038, 120.319, -87.0091
36, 13, 580.026, 331.718, 312.472
36, 14, -134.631, 213.22, -512
36, 15, -718.433, 354.365, 481.356
36, 16, -31.0999, 385.722, -512
36, 17, -435.5, -125.443, -512
36, 18, 107.092, -307.797, -113.207
36, 19, 12.1662, -349.142, -159.486
36, 20, -924.809, 445.557, 458.281
36, 21, 522.472, 512, -512
36, 22, 278.755, -414.341, -466.758
36, 23, -12.3644, -270.398, -512
36, 24, -28.7883, 16.4719, -91.4227
36, 25, 54.5366, 224.845, 81.0007
36, 26, 130.485, 419.727, 23.5357
36, 27, -469.931, -512, 422.626
36, 28, -780.761, -334.888, 511.958
36, 29, 1.83038, -38.1641, 459.394
36, 30, 181.397, 58.1749, 254.099
36, 31, -754.801, -284.48, 511.955
36, 32, -745.713, 331.451, 511.946
36, 33, -133.073, 310.943, 175.35
36, 34, -942.584, 512, 407.841
36, 35, 66.9542, -102.882, 249.41
36, 36, 101.321, 143.822, -471.47
36, 37, 271.614, 253.277, 79.9404
36, 38, -171.861, 212.807, 92.5079
36, 39, 248.527, 176.694, -351.108
36, 40, -57.5389, -13.6115, -190.632
36, 41, 230.455, 512, 214.531
36, 42, 64.1818, -95.0094, 489.701
36, 43, -70.8974, 258.098, 239.997
36, 44, 555.618, 6.20784, 503.2
36, 45, -756.324, -341.122, 511.998
36, 46, -117.499, 475.886, 61.2658
36, 47, -77.4647, -336.858, -130.193
36, 48, -441.345, 438.936, -30.2137
36, 49, -407.227, 343.809, -512
36, 50, -771.917, 351.592, 483.505
36, 51, -186.261, -230.352, 459.054
36, 52, -354.168, 19.5783, 389.86
36, 53, 400.45, -82.5768, 284.048
36, 54, 114.544, -196.807, -155.406
36, 55, -240.158, -303.809, -70.9332
36, 56, -404.163, -279.362, 479.599
36, 57, -408.07, -512, 34.3596
36, 58, 430.256, 501.48, -358.926
36, 59, -232.683, -34.299, -315.249
36, 60, 446.602, -386.586, -512
36, 61, -254.859, -262.841, 13.4971
36, 62, -367.12, -436.881, -393.043
36, 63, -98.6448, -69.6834, -512
36, 64, -766.584, 332.029, 474.479
36, 65, -726.013, -496.64, 380.143
36, 66, -50.4727, 18.8026, -84.2177
36, 67, 255.325, -378.366, -512
36, 68, 7.69574, -20.8066, -285.495
36, 69, 279.824, -334.583, 257.698
36, 70, -811.946, -485.219, 401.097
36, 71, 351.031, -99.702, 511.999
36, 72, 79.2496, 190.202, -512
36, 73, -556.497, -512, 3.66436
36, 74, -176.234, -252.451, 34.062
36, 75, 148.149, -137.592, -440.831
36, 76, -799.638, -329.669, 511.963
36, 77, -463.412, -137.3, -500.789
36, 78, -56.9278, -172.317, -190.085
36, 79, -266.716, -330.821, -91.2927
36, 80, -715.72, -458.081, 361.919
36, 81, -755.942, 512, 468.661
36, 82, -795.529, -307.998, 509.076
36, 83, -303.809, 298.135, 439.35
36, 84, -77.3791, 153.875, -379.507
36, 85, -808.84, 427.293, 433.757
36, 86, 104.44, 390.273, -287.957
36, 87, 258.73, -512, 221.695
36, 88, 291.755, -29.0921, -488.981
36, 89, 180.563, 142.648, 484.717
36, 90, 288.717, 311.695, -48.2105
36, 91, 29.9472, -482.762, 109.382
36, 92, -497.459, -512, 420.504
36, 93, -102.058, 491.852, 413.991
36, 94, -419.429, 499.669, -325.764
36, 95, -884.976, -463.76, 380.598
36, 96, -728.39, -316.925, 502.612
36, 97, -764.05, 511.996, 467.975
36, 98, -191.421, -216.141, 232.221
36, 99, -764.031, 512, 467.931
37, 0, 319.028, -42.1462, 490.164
37, 1, 198.588, 329.046, 360.852
37, 2, -732.972, -279.867, 512
37, 3, -499.083, 324.405, 203.772
37, 4, -591.708, -255.342, 512
37, 5, -426.655, 297.436, 512
37, 6, -263.541, 296.397, -153.59
37, 7, 431.532, -262.301, -304.341
37, 8, -766.029, 408.345, 428.734
37, 9, -766.857, -287.423, 512
37, 10, -9.61248, -485.536, -512
37, 11, 25.2366, 55.4826, -436.959
37, 12, -188.63, -240.287, -185.367
37, 13, 168.919, 12.5783, -242.638
37, 14, -193.364, 368.34, -512
37, 15, -319.927, 408.3, 459.941
37, 16, 522.472, 512, -512
37, 17, 679.4, -400.457, -512
37, 18, 182.933, -512, 79.8643
37, 19, -15.5757, -11.2167, -66.3674
37, 20, -924.805, 445.553, 458.28
37, 21, 703.743, 423.64, -469.634
37, 22, 161.023, 216.678, -406.052
37, 23, 498.931, -512, -159.559
37, 24, 92.4718, 188.563, -9.13158
37, 25, -101.506, -264.804, 36.5785
37, 26, 154.987, 512, -417.132
37, 27, 353.006, -436.718, 483.061
37, 28, -780.752, -334.884, 511.952
37, 29, -517.069, -92.0026, 435.399
37, 30, 27.9387, 369.188, 439.106
37, 31, -754.799, -284.486, 511.949
37, 32, -745.719, 331.456, 511.948
37, 33, -3.03518, 17.4706, 192.701
37, 34, -942.589, 512, 407.846
37, 35, -126.11, -162.016, 228.485
37, 36, -42.9863, -7.80393, -394.115
37, 37, 342.483, 341.914, 336.511
37, 38, -197.072, -372.694, 74.1025
37, 39, 41.5252, 219.966, 74.051
37, 40, 292.998, 237.27, -111.37
37, 41, 335.208, -366.241, -15.143
37, 42, 557.914, 0.758527, 512
37, 43, -124.349, 251.126, 498.102
37, 44, -88.9798, -348.722, -147.295
37, 45, -756.317, -341.115, 511.999
37, 46, -142.671, 90.5373, 88.862
37, 47, 362.044, -436.27, -248.173
37, 48, 724.235, 444.109, -495.622
37, 49, 233.179, 339.514, 16.9492
37, 50, -771.916, 351.595, 483.502
37, 51, -136.968, -242.501, 457.895
37, 52, 227.127, -183.832, 361.797
37, 53, 135.582, 189.451, 150.529
37, 54, 173.183, -92.4399, -187.202
37, 55, -33.6063, -227.869, -306.07
37, 56, 848.406, -512, 487.145
37, 57, -557.494, -512, 379.882
37, 58, -454.516, -48.7117, 407.129
37, 59, 507.532, 130.331, -512
37, 60, 232.702, 28.753, 268.386
37, 61, 195.49, -50.2376, 106.25
37, 62, 737.278, -512, -512
37, 63, -68.43, 99.4858, -230.582
37, 64, -766.579, 332.024, 474.479
37, 65, -726.01, -496.636, 380.144
37, 66, -400.559, 224.867, -454.048
37, 67, 27.3594, 150.369, 243.474
37, 68, -221.765, 300.18, 65.0836
37, 69, -2.84949, 186.515, -405.011
37, 70, -811.951, -485.221, 401.1
37, 71, -135.703, -108.039, -483.282
37, 72, 455.566, 438.953, -512
37, 73, 297.629, -512, -107.328
37, 74, 71.2972, -162.69, 23.9662
37, 75, -282.076, -191.218, -271.44
37, 76, -799.637, -329.662, 511.971
37, 77, -195.006, -87.7642, -512
37, 78, -629.646, -169.544, -512
37, 79, 600.446, -472.342, 480.064
37, 80, -593.85, -512, 411.044
37, 81, -755.942, 512, 468.661
37, 82, -795.534, -307.996, 509.083
37, 83, 411.181, 314.202, 406.624
37, 84, -1.07007, 163.658, -41.7762
37, 85, -808.836, 427.286, 433.759
37, 86, 636.204, 512, -498.272
37, 87, 291.755, -29.0921, -488.981
37, 88, 240.812, 207.069, 476.125
37, 89, 288.717, 311.695, -48.2105
37, 90, 29.9472, -482.762, 109.382
37, 91, -430.697, -512, -429.807
37, 92, 200.393, -512, 455.805
37, 93, 242.115, -314.973, 351.663
37, 94, -605.011, 489.936, 369.296
37, 95, -884.98, -463.759, 380.603
37, 96, -728.397, -316.929, 502.616
37, 97, -764.053, 512, 467.974
37, 98, -195.967, 340.752, 104.638
37, 99, -764.025, 511.994, 467.931
38, 0, 96.7108, 358.028, 177.173
38, 1, -197.362, 512, 371.575
38, 2, -732.969, -279.862, 512
38, 3, -214.886, 230.433, -10.1105
38, 4, 27.2158, -418.698, 512
38, 5, 366.505, -92.1512, 512
38, 6, -365.106, 393.314, -87.9029
38, 7, 384.255, 132.535, 464.166
38, 8, -766.026, 408.346, 428.729
38, 9, -766.846, -287.416, 511.995
38, 10, 305.231, -477.855, -512
38, 11, -172.234, 351.254, 131.266
38, 12, -174.755, -224.721, -231.556
38, 13, -196.256, -242.269, -512
38, 14, 147.069, 403.036, -512
38, 15, -102.308, 403.921, 480.418
38, 16, 107.092, -307.797, -113.207
38, 17, 65.679, -398.136, 189.717
38, 18, -30.048, -51.7104, -72.8207
38, 19, 123.07, -176.782, -5.17848
38, 20, -924.804, 445.56, 458.273
38, 21, 161.023, 216.678, -406.052
38, 22, 405.442, 512, -354.711
38, 23, 54.5366, 224.845, 81.0007
38, 24, 168.777, -246.746, -71.7265
38, 25, -332.892, -512, 359.261
38, 26, 301.1, 484.648, 144.497
38, 27, 245.182, 251.87, -406.968
38, 28, -780.754, -334.883, 511.956
38, 29, 64.5072, -375.542, 405.977
38, 30, -505.958, 345.255, 462.639
38, 31, -754.799, -284.481, 511.952
38, 32, -745.721, 331.459, 511.949
38, 33, -336.495, 186.657, 311.213
38, 34, -942.588, 512, 407.844
38, 35, 293.176, 19.8134, 257.287
38, 36, -202.55, -93.542, -311.891
38, 37, 439.62, 413.595, 47.1567
38, 38, -94.6501, 7.38835, 122.372
38, 39, -552.994, 322.215, -483.563
38, 40, 113.853, 173.034, -128.936
38, 41, 82.8612, -125.658, -186.489
38, 42, 555.618, 6.20784, 503.2
38, 43, 377.094, 512, 494.104
38, 44, -132.164, -373.65, -81.0904
38, 45, -756.314, -341.111, 511.999
38, 46, -203.43, -238.639, -8.86422
38, 47, 360.099, 400.238, -487.803
38, 48, -164.619, 186.592, 274.534
38, 49, -397.834, 361.144, -118.062
38, 50, -771.916, 351.596, 483.502
38, 51, -177.049, 270.026, 455.42
38, 52, 336.042, -222.161, 405.955
38, 53, -57.8749, 497.483, 100.455
38, 54, -116.196, -122.166, -469.263
38, 55, 737.278, -512, -512
38, 56, 53.7436, -12.7959, 448.577
38, 57, 802.794, -512, 484.9
38, 58, 501.902, 205.552, 412.958
38, 59, 232.702, 28.753, 268.386
38, 60, -87.4064, -177.121, 124.806
38, 61, 165.109, 41.3367, -251.153
38, 62, 236.888, -195.82, 148.879
38, 63, -187.388, -136.193, -269.011
38, 64, -766.583, 332.028, 474.48
38, 65, 237.366, -150.41, 309.241
38, 66, 160.749, 278.753, -34.2562
38, 67, 163.912, 243.804, 182.521
38, 68, 357.537, 339.584, -222.573
38, 69, -27.6375, 186.488, -113.142
38, 70, -811.945, -485.223, 401.092
38, 71, 275.572, 16.8419, -512
38, 72, -76.5202, -86.0766, -122.404
38, 73, -147.623, -177.068, 36.5587
38, 74, 134.806, -89.9372, 104.041
38, 75, -612.407, -271.156, 498.01
38, 76, -799.638, -329.665, 511.968
38, 77, -150.791, -79.0619, -512
38, 78, -635.413, -452.851, 412.388
38, 79, 271.882, -508.103, 237.254
38, 80, -504.328, 404.189, 407.932
38, 81, -755.945, 512, 468.668
38, 82, -795.526, -307.993, 509.077
38, 83, -123.01, -25.5534, 198.832
38, 84, -1.16681, 512, -160.901
38, 85, -808.833, 427.284, 433.757
38, 86, 291.755, -29.0921, -488.981
38, 87, 605.449, 179.769, 441.863
38, 88, -818.176, 327.071, 482.546
38, 89, 16.7475, 146.083, 71.4712
38, 90, -7.71284, -512, 446.605
38, 91, 515.414, -512, 170.31
38, 92, -384.421, 487.338, 512
38, 93, 660.429, -512, 476.574
38, 94, -266.571, 383.506, 388.849
38, 95, -884.988, -463.763, 380.607
38, 96, -728.389, -316.922, 502.615
38, 97, -764.051, 512, 467.97
38, 98, -120.494, 332.628, 105.153
38, 99, -764.029, 512, 467.927
39, 0, 397.704, 512, 196.013
39, 1, -137.6, 305.739, 20.0362
39, 2, -732.966, -279.868, 511.994
39, 3, -376.912, 463.308, -245.92
39, 4, -526.765, -373.78, 512
39, 5, 206.678, -61.3825, 103.834
39, 6, 403.392, 217.862, 455.91
39, 7, 153.071, 108.681, -319.461
39, 8, -766.029, 408.354, 428.724
39, 9, -766.844, -287.414, 511.994
39, 10, 580.026, 331.718, 312.472
39, 11, 146.621, 350.66, -35.2078
39, 12, -171.726, -312.293, -512
39, 13, -227.041, -239.353, -512
39, 14, 522.472, 512, -512
39, 15, -368.788, 512, 473.445
39, 16, 404.249, -455.627, -64.9603
39, 17, 214.942, -283.378, 55.8583
39, 18, -17.3941, -203.096, -149.077
39, 19, 330.204, 393.131, -479.562
39, 20, -924.801, 445.563, 458.267
39, 21, -13.0395, -0.895299, -82.2402
39, 22, 54.5366, 224.845, 81.0007
39, 23, 40.898, -117.689, 16.9991
39, 24, -420.762, -512, -434.007
39, 25, -244.509, -426.533, 426.247
39, 26, 245.182, 251.87, -406.968
39, 27, -335.67, 268.779, 20.164
39, 28, -780.754, -334.878, 511.962
39, 29, -22.2198, -435.803, 325.949
39, 30, -910.363, 446.521, 464.702
39, 31, -754.797, -284.478, 511.952
39, 32, -745.728, 331.462, 511.954
39, 33, 143.737, -0.671711, 292.82
39, 34, -942.589, 512, 407.845
39, 35, 342.483, 341.914, 336.511
39, 36, 107.568, 132.647, -330.295
39, 37, 41.5252, 219.966, 74.051
39, 38, -110.679, -155.746, 493.05
39, 39, 116.502, 186.463, -511.705
39, 40, 348.42, 284.187, -362.386
39, 41, -310.943, -130.018, 390.992
39, 42, -88.9798, -348.722, -147.295
39, 43, -117.499, 475.886, 61.2658
39, 44, -14.5225, -10.4449, -33.6463
39, 45, -756.307, -341.105, 511.997
39, 46, -141.959, 207.017, -505.069
39, 47, -164.619, 186.592, 274.534
39, 48, -20.5792, 12.1904, 192.547
39, 49, -317.359, 357.889, -131.844
39, 50, -771.918, 351.601, 483.5
39, 51, 167.29, 12.2838, 446.843
39, 52, -240.158, -303.809, -70.9332
39, 53, 51.6577, 382.575, -12.5589
39, 54, 210.857, 3.63431, -512
39, 55, 53.7436, -12.7959, 448.577
39, 56, -358.252, -52.8641, 432.791
39, 57, -399.867, -298.235, -494.36
39, 58, 232.702, 28.753, 268.386
39, 59, 9.85932, -383.594, 323.943
39, 60, 68.8157, -446.524, -124.536
39, 61, 11.2083, 174.942, -30.0929
39, 62, 300.81, -179.726, 155.686
39, 63, -330.68, -286.548, -192.551
39, 64, -766.581, 332.031, 474.474
39, 65, -415.266, 11.4417, 377.931
39, 66, -171.231, 231.763, -34.7351
39, 67, 518.436, 41.2248, 512
39, 68, -252.291, -99.3719, 208.645
39, 69, -593.913, 295.403, -512
39, 70, -811.946, -485.225, 401.091
39, 71, -76.5202, -86.0766, -122.404
39, 72, 65.0541, -120.061, -99.915
39, 73, -92.4891, -192.873, 123.344
39, 74, -322.237, 416.287, -72.7156
39, 75, -533.045, -258.758, 493.901
39, 76, -799.633, -329.665, 511.962
39, 77, 318.371, -293.274, -138.448
39, 78, -182.657, -512, 438.122
39, 79, 22.561, -461.152, 253.574
39, 80, -587.268, 383.156, 501.83
39, 81, -755.942, 512, 468.662
39, 82, -795.529, -307.994, 509.08
39, 83, -241.743, -223.992, 20.5082
39, 84, 463.939, 512, -68.6721
39, 85, -808.825, 427.284, 433.75
39, 86, 240.812, 207.069, 476.125
39, 87, 288.717, 311.695, -48.2105
39, 88, -818.171, 327.064, 482.548
39, 89, -269.846, 400.688, 453.688
39, 90, -648.549, -512, 398.224
39, 91, -419.429, 499.669, -325.764
39, 92, -126.168, 512, 512
39, 93, -222.471, 55.8803, 314.849
39, 94, -134.047, 512, 451.91
39, 95, -884.98, -463.756, 380.606
39, 96, 574.405, -458.569, 512
39, 97, -764.045, 511.994, 467.97
39, 98, 445.25, 500.673, -75.9181
39, 99, -764.027, 512, 467.922
40, 0, -499.083, 324.405, 203.772
40, 1, 414.072, 512, -393.41
40, 2, -814.133, -321.057, 512
40, 3, 272.909, -85.7987, -440.011
40, 4, -431.087, -381.666, 511.408
40, 5, -60.6966, 65.1134, 402.933
40, 6, 153.071, 108.681, -319.461
40, 7, -209.287, -225.371, -480.812
40, 8, -766.03, 408.356, 428.723
40, 9, -766.845, -287.409, 511.998
40, 10, 168.919, 12.5783, -242.638
40, 11, -175.377, -212.148, 16.7989
40, 12, -294.74, -344.284, -512
40, 13, 84.2477, -371.137, -512
40, 14, 107.092, -307.797, -113.207
40, 15, 422.819, 512, 487.512
40, 16, 424.778, 337.398, 405.036
40, 17, 135.755, -204.632, -70.3017
40, 18, -519.136, -319.918, 183.815
40, 19, 161.023, 216.678, -406.052
40, 20, -924.797, 445.556, 458.27
40, 21, 70.6778, 116.791, -34.4952
40, 22, -21.2759, 31.7366, 104.566
40, 23, -339.982, -33.8208, 367.703
40, 24, -67.7006, -420.603, 135.583
40, 25, 204.205, -330.844, 358.086
40, 26, 181.397, 58.1749, 254.099
40, 27, -478.89, -147.119, 439.475
40, 28, -780.754, -334.883, 511.956
40, 29, -342.411, 42.3976, 379.908
40, 30, -910.366, 446.524, 464.702
40, 31, -754.799, -284.475, 511.957
40, 32, -745.727, 331.465, 511.952
40, 33, 196.19, -169.075, 327.04
40, 34, -942.594, 512, 407.85
40, 35, 439.62, 413.595, 47.1567
40, 36, -248.773, -46.8161, -322.563
40, 37, 227.496, 118.728, 490.749
40, 38, -741.835, -281.273, 512
40, 39, 551.588, 114.662, -512
40, 40, 555.618, 6.20784, 503.2
40, 41, -425.69, -232.016, 512
40, 42, 180.801, -240.248, -68.4036
40, 43, -154.684, 189.238, 94.2717
40, 44, -46.8007, 398.827, -135.62
40, 45, -756.296, -341.099, 511.99
40, 46, -282.357, 252.578, 20.1632
40, 47, -243.348, 267.09, 219.552
40, 48, 121.106, 67.0111, 187.837
40, 49, 549.067, 336.947, -273.009
40, 50, -771.922, 351.604, 483.502
40, 51, 178.807, -5.58506, 456.117
40, 52, 355.62, -285.078, -276.834
40, 53, 63.2559, 512, 126.582
40, 54, 53.7436, -12.7959, 448.577
40, 55, 347.294, -54.0748, 499.009
40, 56, 384.95, 100.213, 442.027
40, 57, 101.54, -299.517, 33.165
40, 58, -367.12, -436.881, -393.043
40, 59, -208.89, -421.196, 158.277
40, 60, -211.956, -512, 51.993
40, 61, -258.916, 479.021, -26.5834
40, 62, 153.825, 235.014, 60.2628
40, 63, 285.428, 19.7389, -512
40, 64, -766.586, 332.033, 474.478
40, 65, 515.923, -315.661, 423.225
40, 66, -69.9326, 18.5478, -405.628
40, 67, -252.291, -99.3719, 208.645
40, 68, -16.1721, -59.6937, -77.6929
40, 69, 522.472, 512, -512
40, 70, -811.945, -485.227, 401.09
40, 71, -175.656, -150.502, -82.1012
40, 72, 136.537, -143.696, -132.209
40, 73, -91.3169, 411.287, 481.031
40, 74, 75.0182, 413.879, -231.853
40, 75, -583.059, -275.522, 493.572
40, 76, -799.642, -329.669, 511.969
40, 77, 271.882, -508.103, 237.254
40, 78, 274.235, -353.531, 434.135
40, 79, 238.725, -424.634, 486.809
40, 80, 0.800164, 165.49, 494.298
40, 81, -755.944, 512, 468.665
40, 82, -795.537, -308, 509.082
40, 83, -314.755, -357.294, -96.2734
40, 84, 291.755, -29.0921, -488.981
40, 85, -808.834, 427.287, 433.757
40, 86, 288.717, 311.695, -48.2105
40, 87, 29.9472, -482.762, 109.382
40, 88, -818.172, 327.06, 482.554
40, 89, 331.63, 512, 496.402
40, 90, 550.846, 423.439, 355.927
40, 91, -737.553, 512, 417.07
40, 92, 30.4992, 421.079, 512
40, 93, 420.733, 210.65, 406.366
40, 94, -50.7314, -223.084, 443.203
40, 95, -884.969, -463.75, 380.602
40, 96, 387.19, -383.579, 0.695823
40, 97, -764.049, 512, 467.966
40, 98, -539.151, 440.135, -300.807
40, 99, -764.021, 511.994, 467.923
41, 0, -214.886, 230.433, -10.1087
41, 1, 153.545, 423.468, -252.541
41, 2, -814.126, -321.053, 511.998
41, 3, 277.108, -64.7665, -416.592
41, 4, -132.965, -223.219, 38.6145
41, 5, -235.483, -3.81231, 336.871
41, 6, -245.018, 225.242, -512
41, 7, -25.7654, -52.0901, -512
41, 8, -766.038, 408.36, 428.728
41, 9, -766.841, -287.409, 511.995
41, 10, 50.4138, -38.8316, -13.2357
41, 11, 73.0593, -261.231, -324.531
41, 12, 676.936, -410.805, -512
41, 13, 737.278, -512, -512
41, 14, -184.913, -512, 53.5653
41, 15, 424.778, 337.398, 405.036
41, 16, 135.755, -204.632, -70.3017
41, 17, -139.916, -308.096, -512
41, 18, -158.208, -294.391, -73.9301
41, 19, 201.007, 2.41336, -250.945
41, 20, -924.801, 445.559, 458.271
41, 21, 4.89048, -153.025, -115.648
41, 22, 698.076, -297.566, 395.614
41, 23, -49.2917, -55.8623, 465.329
41, 24, 265.188, 3.78033, 237.026
41, 25, 461.808, -256.092, 419.861
41, 26, -40.8419, 178.642, -402.93
41, 27, -416.595, -28.1862, 384.731
41, 28, -780.752, -334.879, 511.959
41, 29, -398.775, -94.3616, 388.08
41, 30, -910.374, 446.527, 464.706
41, 31, -754.796, -284.473, 511.955
41, 32, 35.9908, 420.769, 505.194
41, 33, -103.695, -261.913, -224.417
41, 34, -942.594, 512, 407.851
41, 35, 41.5252, 219.966, 74.051
41, 36, 72.5508, -247.373, 444.388
41, 37, -126.168, 512, 512
41, 38, 529.718, -455.172, 512
41, 39, 555.618, 6.20784, 503.2
41, 40, -88.9798, -348.722, -147.295
41, 41, -737.798, -280.773, 511.995
41, 42, -130.184, -351.694, -58.3465
41, 43, -280.827, 442.083, 7.95936
41, 44, -497.111, -135.318, -512
41, 45, -756.296, -341.097, 511.994
41, 46, -228.983, 317.443, -133.343
41, 47, -109.92, 274.213, 213.976
41, 48, 182.771, 324.156, 125.702
41, 49, 135.582, 189.451, 150.529
41, 50, -771.918, 351.6, 483.501
41, 51, 445.984, 46.1614, 465.137
41, 52, -261.646, -396.828, -181.24
41, 53, -805.127, 512, 391.3
41, 54, 35.9321, -24.0441, 121.145
41, 55, -399.867, -298.235, -494.36
41, 56, 232.702, 28.753, 268.386
41, 57, -235.491, -474.573, -239.289
41, 58, 737.278, -512, -512
41, 59, 43.2259, -404.919, 222.924
41, 60, -451.198, -512, 29.1107
41, 61, 170.422, 105.432, 36.8034
41, 62, 96.402, -77.0982, 83.6763
41, 63, 27.3594, 150.369, 243.474
41, 64, -766.585, 332.029, 474.481
41, 65, -2.84949, 186.515, -405.011
41, 66, 56.9083, -77.2243, -49.6493
41, 67, 165.07, -189.354, -49.9057
41, 68, -35.4365, -62.4475, -17.215
41, 69, -76.5202, -86.0766, -122.404
41, 70, -811.947, -485.229, 401.09
41, 71, 20.5109, -78.5861, 21.1426
41, 72, 134.193, -41.14, 116.636
41, 73, 377.071, 512, 494.635
41, 74, 468.351, 441.992, -512
41, 75, -612.696, -259.599, 508.811
41, 76, -799.653, -329.676, 511.973
41, 77, -46.6378, -282.624, 227.393
41, 78, 402.744, 148.072, 462.17
41, 79, 470.336, -450.891, 512
41, 80, -350.96, 184.89, 317.337
41, 81, -755.938, 511.993, 468.667
41, 82, -795.536, -308.001, 509.08
41, 83, 178.283, -375.994, -512
41, 84, 240.812, 207.069, 476.125
41, 85, -808.838, 427.292, 433.756
41, 86, 29.9472, -482.762, 109.382
41, 87, -264.056, -512, 47.9753
41, 88, -818.173, 327.056, 482.56
41, 89, -419.429, 499.669, -325.764
41, 90, 40.1212, -404.116, 485.095
41, 91, -298.848, 422.504, 473.651
41, 92, -411.824, 512, 455.207
41, 93, 166.279, 470.802, -74.1887
41, 94, -484.111, 308.35, 451.373
41, 95, -884.975, -463.755, 380.602
41, 96, -671.959, 479.669, -267.358
41, 97, -764.047, 512, 467.962
41, 98, -374.35, 512, -221.731
41, 99, -764.025, 512, 467.919
42, 0, -22.4461, 130.432, -264.225
42, 1, 165.515, -102.576, -448.618
42, 2, -814.129, -321.054, 511.999
42, 3, 384.255, 132.535, 464.166
42, 4, -42.4385, -136.376, -209.529
42, 5, 614.992, 427.328, 254.714
42, 6, -572.2, 276.839, -512
42, 7, -521.776, 269.841, -456.506
42, 8, -766.035, 408.36, 428.724
42, 9, -766.831, -287.403, 511.989
42, 10, -81.8237, -4.21302, -302.801
42, 11, 692.793, -402.575, -512
42, 12, 107.092, -307.797, -113.207
42, 13, 65.679, -398.136, 189.717
42, 14, 364.586, -111.736, -393.846
42, 15, 135.755, -204.632, -70.3017
42, 16, -171.751, -312.399, -512
42, 17, -215.638, -317.226, -512
42, 18, 342.254, -368.84, -238.05
42, 19, 54.5366, 224.845, 81.0007
42, 20, -924.805, 445.564, 458.27
42, 21, -248.272, 94.2362, 292.69
42, 22, -383.252, 45.6983, 346.413
42, 23, 275.128, 193.872, 474.468
42, 24, 181.397, 58.1749, 254.099
42, 25, 27.9387, 369.188, 439.106
42, 26, 238.418, 8.59434, -512
42, 27, -36.9839, 15.8604, 427.013
42, 28, -780.75, -334.876, 511.959
42, 29, 623.397, 185.906, 436.315
42, 30, -910.374, 446.529, 464.705
42, 31, 182.064, 109.525, 505.086
42, 32, -393.235, -138.661, 405.274
42, 33, -359.614, 294.858, -180.287
42, 34, -942.595, 512, 407.852
42, 35, 419.959, 166.054, 462.733
42, 36, -262.818, -58.081, 447.366
42, 37, -126.168, 512, 512
42, 38, 555.618, 6.20784, 503.2
42, 39, -88.9798, -348.722, -147.295
42, 40, -185.704, -291.728, -68.405
42, 41, 522.499, 44.341, 508.189
42, 42, -291.021, 324.904, -179.898
42, 43, 39.8889, 444.804, -421.07
42, 44, 48.6525, 100.588, 13.4285
42, 45, -756.292, -341.094, 511.992
42, 46, 37.8376, 236.892, -143.986
42, 47, -596.567, 435.74, 178.897
42, 48, 135.582, 189.451, 150.529
42, 49, -32.1342, -1.94114, 117.172
42, 50, -771.916, 351.6, 483.498
42, 51, -261.646, -396.828, -181.24
42, 52, -506.99, -416.951, 353.166
42, 53, -805.132, 511.999, 391.305
42, 54, 110.303, 253.028, 167.735
42, 55, -223.841, -272.738, 1.3971
42, 56, -367.12, -436.881, -393.043
42, 57, 443.848, -464.745, -512
42, 58, 236.888, -195.82, 148.879
42, 59, 710.32, -460.289, 207.75
42, 60, -12.9848, -499.711, 72.8931
42, 61, 67.8533, 130.761, -283.321
42, 62, 174.009, -134.556, 44.5496
42, 63, 146.703, 512, 359.518
42, 64, -766.583, 332.031, 474.476
42, 65, 46.759, 154.475, -42.9346
42, 66, -313.366, -185.466, -265.376
42, 67, -50.4316, -124.349, -23.7062
42, 68, 221.318, -159.023, -143.734
42, 69, -145.626, -77.2025, -141.786
42, 70, -811.948, -485.228, 401.091
42, 71, -581.878, -257.567, 503.254
42, 72, 299.285, 7.43397, 258.462
42, 73, 269.6, -20.2315, -423.284
42, 74, -549.021, -251.005, 503.106
42, 75, 620.833, -512, 474.032
42, 76, -799.646, -329.67, 511.972
42, 77, 86.6397, -163.167, -216.379
42, 78, -77.3791, 153.875, -379.507
42, 79, -123.01, -25.5534, 198.832
42, 80, -42.5295, 512, 366.652
42, 81, -755.936, 511.992, 468.665
42, 82, -795.53, -308.002, 509.074
42, 83, 240.812, 207.069, 476.125
42, 84, 288.717, 311.695, -48.2105
42, 85, -808.833, 427.285, 433.757
42, 86, -430.697, -512, -429.807
42, 87, -176.208, -512, 343.704
42, 88, -818.176, 327.063, 482.555
42, 89, -806.447, 512, 461.426
42, 90, -62.0926, -343.007, 464.372
42, 91, -0.113742, 512, 436.496
42, 92, -783.2, 451.797, 453.831
42, 93, 38.1049, -40.2089, 2.19475
42, 94, 505.679, 155.786, 451.396
42, 95, -884.964, -463.748, 380.598
42, 96, -441.257, -216.07, -512
42, 97, -764.041, 511.994, 467.962
42, 98, 559.899, 95.3984, -512
42, 99, -764.022, 511.999, 467.913
43, 0, -152.486, -198.671, -236.449
43, 1, 230.804, -77.6445, -461.472
43, 2, -814.127, -321.052, 512
43, 3, 153.071, 108.681, -319.461
43, 4, -16.1691, -17.4577, -37.6827
43, 5, -48.8038, 120.319, -87.0091
43, 6, -13.2363, -119.481, 112.922
43, 7, -564.611, 275.79, -512
43, 8, -766.036, 408.366, 428.718
43, 9, -766.826, -287.404, 511.984
43, 10, 401.805, -12.1617, -476.918
43, 11, 107.092, -307.797, -113.207
43, 12, -382.605, -406.015, 116.689
43, 13, -327.153, 45.968, -365.402
43, 14, 135.755, -204.632, -70.3017
43, 15, 49.8872, -351.441, -36.8793
43, 16, -155.802, -310.537, -512
43, 17, -196.21, -345.575, -128.37
43, 18, 54.5366, 224.845, 81.0007
43, 19, 154.637, 419.182, 24.8389
43, 20, -924.805, 445.559, 458.276
43, 21, 86.5126, 46.7259, -146.76
43, 22, -8.23559, 275.085, 310.735
43, 23, 181.397, 58.1749, 254.099
43, 24, -31.0636, -59.0711, 16.9266
43, 25, -141.536, 271.536, 440.071
43, 26, -133.073, 310.943, 175.35
43, 27, -555.929, -107.36, 432.269
43, 28, -780.75, -334.873, 511.964
43, 29, -168.606, 142.752, -104.779
43, 30, -910.379, 446.533, 464.706
43, 31, -0.683208, 222.961, 125.846
43, 32, -248.218, 196.134, 320.79
43, 33, -59.715, 30.2505, -80.1613
43, 34, -942.599, 511.996, 407.859
43, 35, 335.208, -366.241, -15.143
43, 36, -0.74362, -139.848, 497.132
43, 37, -786.302, 511.194, 459.199
43, 38, -88.9798, -348.722, -147.295
43, 39, 252.289, 279.391, -71.9262
43, 40, -306.677, -382.062, -106.739
43, 41, -171.91, 401.089, -118.258
43, 42, -139.937, -308.383, -512
43, 43, -79.8194, 170.315, -469.827
43, 44, 107.248, -94.9943, -73.5656
43, 45, -668.444, -267.264, 512
43, 46, 356.937, 366.222, -276.73
43, 47, 592.332, 425.611, 252.345
43, 48, 12.3253, 140.744, 110.416
43, 49, 6.74297, 59.3996, -20.8032
43, 50, -771.91, 351.595, 483.496
43, 51, -3.62827, -393.949, -388.704
43, 52, 212.735, -487.736, 456.058
43, 53, -805.122, 511.995, 391.299
43, 54, 359.072, 267.571, 325.109
43, 55, 4.51357, -219.72, -390.545
43, 56, 737.278, -512, -512
43, 57, 236.888, -195.82, 148.879
43, 58, 347.072, -512, 133.556
43, 59, 153.825, 235.014, 60.2628
43, 60, 73.2067, -382.727, 421.209
43, 61, 22.0107, 109.803, -158.485
43, 62, 184.346, -402.249, 178.525
43, 63, 745.689, 474.247, 304.777
43, 64, -766.584, 332.03, 474.479
43, 65, 100.918, 148.957, 174.773
43, 66, -674.607, -438.066, -356.819
43, 67, -86.1002, -231.331, -141.238
43, 68, 1.21316, -307.925, -102.048
43, 69, -77.4477, -104.425, -22.445
43, 70, -811.95, -485.222, 401.098
43, 71, 527.665, -454.326, 510.936
43, 72, 269.6, -20.2315, -423.284
43, 73, -549.021, -251.005, 503.106
43, 74, -86.1957, -181.49, 507.227
43, 75, -399.449, 458.094, -27.6493
43, 76, -799.649, -329.668, 511.979
43, 77, -55.6345, -260.712, -512
43, 78, -353.294, 180.623, -273.58
43, 79, -242.756, -484.214, 265.358
43, 80, -426.625, 512, 378.709
43, 81, -349.035, 512, 427.299
43, 82, -795.534, -307.999, 509.08
43, 83, 288.717, 311.695, -48.2105
43, 84, 29.9472, -482.762, 109.382
43, 85, -808.836, 427.281, 433.763
43, 86, -400.896, -512, -421.179
43, 87, 313.56, -439.846, 512
43, 88, -818.176, 327.057, 482.562
43, 89, -806.449, 512, 461.431
43, 90, -340.579, -359.357, 487.266
43, 91, 27.6327, 512, 437.829
43, 92, -783.2, 451.803, 453.827
43, 93, 267.518, -404.865, 2.82331
43, 94, -671.959, 479.669, -267.358
43, 95, -884.954, -463.742, 380.594
43, 96, -377.414, -512, -418.037
43, 97, -764.045, 512, 467.958
43, 98, 203.623, -42.6326, -409.483
43, 99, -764.023, 512, 467.915
44, 0, 340.062, -283.872, -127.105
44, 1, 384.255, 132.535, 464.166
44, 2, -814.122, -321.051, 511.996
44, 3, -128.932, -75.9385, -512
44, 4, -20.6726, -90.826, -131.091
44, 5, -516.691, 283.59, 237.889
44, 6, -155.046, -127.739, 206.304
44, 7, -527.853, -205.534, -512
44, 8, -766.032, 408.366, 428.714
44, 9, -766.822, -287.405, 511.978
44, 10, 107.092, -307.797, -113.207
44, 11, 267.049, -297.491, 118.456
44, 12, -349.194, -458.212, 341.679
44, 13, -150.58, 192.655, -485.875
44, 14, 288.172, 233.936, -109.723
44, 15, -502.256, -259.374, -449.764
44, 16, 467.773, -512, -132.422
44, 17, -125.55, -394.195, -189.062
44, 18, 165.69, 202.999, 165.181
44, 19, 326.991, 398.193, 381.498
44, 20, -924.81, 445.559, 458.28
44, 21, 283.588, 158.942, -196.696
44, 22, 109.598, 233.509, 91.4625
44, 23, 27.9387, 369.188, 439.106
44, 24, -333.115, 217.641, -257.59
44, 25, -156.59, 374.989, 460.996
44, 26, -156.84, 37.3376, 132.826
44, 27, 485.047, 148.659, 451.87
44, 28, -780.747, -334.871, 511.962
44, 29, 304.122, 325.41, -27.3242
44, 30, -910.387, 446.537, 464.711
44, 31, 361.195, -189.314, 161.41
44, 32, -294.662, -84.1605, 200.343
44, 33, 237.47, 274.838, -83.9351
44, 34, -942.594, 511.992, 407.859
44, 35, 82.8612, -125.658, -186.489
44, 36, -162.649, -133.89, 483.736
44, 37, -786.297, 511.19, 459.197
44, 38, 436.403, -455.635, -84.1276
44, 39, 117.734, 209.971, 44.2455
44, 40, 66.1623, -440.21, -13.1348
44, 41, -630.861, -170.152, -512
44, 42, 186.216, -141.82, 4.8264
44, 43, -41.9141, -57.8799, -512
44, 44, -23.4356, -54.4299, -73.3387
44, 45, -297.936, 204.533, 512
44, 46, 135.582, 189.451, 150.529
44, 47, -240.158, -303.809, -70.9332
44, 48, 205.071, 180.544, 7.5249
44, 49, 384.666, 410.96, 38.7579
44, 50, -771.915, 351.595, 483.502
44, 51, -285.162, -458.41, 109.546
44, 52, -399.867, -298.235, -494.36
44, 53, -805.126, 511.996, 391.302
44, 54, -367.12, -436.881, -393.043
44, 55, -621.956, -184.02, -512
44, 56, 236.888, -195.82, 148.879
44, 57, -251.801, -292.517, -27.1506
44, 58, 153.825, 235.014, 60.2628
44, 59, 55.8516, -77.0982, -233.635
44, 60, 385.513, -189.608, 180.995
44, 61, -11.6114, 369.371, 178.97
44, 62, -2.84949, 186.515, -405.011
44, 63, -252.291, -99.3719, 208.645
44, 64, -766.577, 332.029, 474.472
44, 65, -239.985, 323.89, 270.408
44, 66, 572.632, -456.29, -512
44, 67, 317.061, -287.324, -139.128
44, 68, 127.968, -311.039, 10.0339
44, 69, -15.3979, 372.325, 445.351
44, 70, -811.949, -485.224, 401.096
44, 71, 269.6, -20.2315, -423.284
44, 72, -549.021, -251.005, 503.106
44, 73, 107.293, -512, 451.298
44, 74, -740.091, 376.25, 507.555
44, 75, -611.847, 473.682, 365.473
44, 76, -799.643, -329.666, 511.974
44, 77, 250.139, -299.277, -154.779
44, 78, 30.702, -69.4251, -111.684
44, 79, 263.035, -512, 200.514
44, 80, 96.243, 512, 302.715
44, 81, 250.462, 276.853, -73.9187
44, 82, -795.53, -307.995, 509.079
44, 83, 29.9472, -482.762, 109.382
44, 84, 365.26, -512, 129.725
44, 85, -808.837, 427.277, 433.768
44, 86, -303.683, -334.057, -512
44, 87, 40.1212, -404.116, 485.095
44, 88, -818.181, 327.058, 482.566
44, 89, -806.448, 511.997, 461.434
44, 90, 54.5147, 441.882, 501.171
44, 91, 113.201, 426.963, 512
44, 92, -783.196, 451.798, 453.827
44, 93, -671.959, 479.669, -267.358
44, 94, 558.173, 506.766, -512
44, 95, -884.961, -463.748, 380.595
44, 96, 751.879, -471.483, -512
44, 97, -764.042, 511.999, 467.953
44, 98, 321.899, 244.123, 172.26
44, 99, -553.719, 512, 471.113
45, 0, 384.255, 132.535, 464.166
45, 1, 153.071, 108.681, -319.461
45, 2, -814.112, -321.044, 511.991
45, 3, 424.418, 48.0802, -512
45, 4, 1.89762, 299.737, 234.505
45, 5, 432.526, 284.658, 121.934
45, 6, -745.992, 331.829, 512
45, 7, -137.309, -249.863, -512
45, 8, -766.026, 408.364, 428.708
45, 9, -766.824, -287.409, 511.977
45, 10, 372.643, -512, 98.8924
45, 11, 424.778, 337.398, 405.036
45, 12, 211.667, -449.986, 458.896
45, 13, -569.537, 312.363, -512
45, 14, 161.023, 216.678, -406.052
45, 15, 476.191, -512, -134.666
45, 16, 54.5366, 224.845, 81.0007
45, 17, 66.649, -474.146, -270.526
45, 18, 28.2765, 512, -158.344
45, 19, -383.252, 45.6983, 346.413
45, 20, -924.808, 445.562, 458.275
45, 21, 181.397, 58.1749, 254.099
45, 22, -71.5604, 50.4881, -426.085
45, 23, -126.168, 512, 512
45, 24, -112.296, -225.478, -12.1829
45, 25, -102.913, 386.891, 458.999
45, 26, -202.739, 171.249, 344.141
45, 27, -168.606, 142.752, -104.779
45, 28, -780.744, -334.868, 511.963
45, 29, 342.483, 341.914, 336.511
45, 30, -910.393, 446.543, 464.711
45, 31, 41.5252, 219.966, 74.051
45, 32, 118.745, -383.854, 446.637
45, 33, 271.656, 257.028, -93.3533
45, 34, -942.59, 511.99, 407.856
45, 35, -553.588, -118.954, 423.104
45, 36, 451.719, -447.838, 484.072
45, 37, -786.303, 511.196, 459.198
45, 38, 117.734, 209.971, 44.2455
45, 39, 17.6174, -272.892, 43.7043
45, 40, -58.2101, -105.708, 0.682841
45, 41, -50.4635, 19.9916, 21.79
45, 42, 140.826, -206.383, -170.294
45, 43, 107.012, -20.3093, -512
45, 44, 81.7779, 207.953, -207.827
45, 45, 559.22, 10.0575, 511.997
45, 46, -106.479, 463.795, 165.329
45, 47, 322.991, -265.101, -108.338
45, 48, -501.06, 512, 64.0506
45, 49, 53.7436, -12.7959, 448.577
45, 50, -771.92, 351.594, 483.507
45, 51, -125.949, -455.305, -152.159
45, 52, 108.047, -300, 33.1525
45, 53, -805.117, 511.99, 391.297
45, 54, 243.997, -478.795, -512
45, 55, 186.916, -425.187, -227.993
45, 56, 386.321, -189.786, 165.804
45, 57, 181.669, -309.569, 36.305
45, 58, 53.2551, -56.9356, -180.493
45, 59, -50.9252, -204.824, 95.7223
45, 60, 279.824, -334.583, 257.698
45, 61, -349.618, 397.484, -47.062
45, 62, -2.15133, 143.458, -65.262
45, 63, 0.595039, -12.3021, -27.6378
45, 64, -766.574, 332.026, 474.471
45, 65, -486.559, 316.798, 218.867
45, 66, -147.623, -177.068, 36.5587
45, 67, -163.822, 73.3337, 93.4594
45, 68, 383.694, -450.841, -265.533
45, 69, -328.275, 504.468, 512
45, 70, -811.944, -485.225, 401.09
45, 71, -549.021, -251.005, 503.106
45, 72, 270.217, -512, 458.969
45, 73, -342.471, 404.18, 453.644
45, 74, -120.72, 396.579, 468.881
45, 75, -791.915, 337.331, 512
45, 76, -799.645, -329.666, 511.976
45, 77, -362.919, -362.246, -118.654
45, 78, -353.056, -184.856, -261.773
45, 79, -400.332, -512, 300.594
45, 80, -318.841, 203.878, -454.914
45, 81, -17.6283, -57.8205, -84.9943
45, 82, -795.537, -308.001, 509.081
45, 83, 270.2, -512, 458.737
45, 84, 623.261, -291.062, 375.322
45, 85, -808.838, 427.283, 433.764
45, 86, -332.811, -512, 359.519
45, 87, -67.2605, -406.415, 46.5888
45, 88, -818.181, 327.055, 482.569
45, 89, -806.451, 512, 461.433
45, 90, -115.582, 413.673, 512
45, 91, -79.1302, 512, 510.948
45, 92, -783.197, 451.804, 453.824
45, 93, 528.418, 450.35, -512
45, 94, -189.285, -419.424, 49.8114
45, 95, -884.951, -463.742, 380.591
45, 96, 203.623, -42.6326, -409.483
45, 97, -764.043, 512, 467.955
45, 98, -18.3564, -279.027, -510.811
45, 99, -646.566, 366.075, 485.997
46, 0, 153.071, 108.681, -319.461
46, 1, 445.125, -475.171, -512
46, 2, -814.11, -321.043, 511.99
46, 3, 580.026, 331.718, 312.472
46, 4, 244.197, 300.741, 103.033
46, 5, 309.789, 407.029, -436.047
46, 6, -682.485, 324.426, 512
46, 7, -451.503, -215.16, -512
46, 8, -766.021, 408.36, 428.707
46, 9, -766.83, -287.414, 511.979
46, 10, 424.778, 337.398, 405.036
46, 11, 135.755, -204.632, -70.3017
46, 12, 703.743, 423.64, -469.634
46, 13, -548.793, 318.583, -512
46, 14, 142.06, 50.4794, -445.745
46, 15, 54.5366, 224.845, 81.0007
46, 16, -203.472, 282.432, 57.4196
46, 17, -556.282, -512, 4.84246
46, 18, 438.877, 430.441, 64.1244
46, 19, -541.071, 242.405, 257.495
46, 20, -924.812, 445.563, 458.278
46, 21, 628.16, 385.415, 360.812
46, 22, 28.6821, 391.517, -512
46, 23, -126.963, 83.9233, 378.892
46, 24, 6.54778, -304.921, 0.69503
46, 25, 513.701, 59.6748, 491.016
46, 26, -121.317, 30.1387, 309.796
46, 27, 103.708, 229.732, -168.36
46, 28, -780.743, -334.863, 511.968
46, 29, 439.62, 413.595, 47.1567
46, 30, -910.397, 446.545, 464.712
46, 31, -426.475, 512, 378.527
46, 32, 339.386, -512, 461.591
46, 33, 82.8612, -125.658, -186.489
46, 34, -942.596, 511.99, 407.863
46, 35, -275.497, 28.1019, 397.539
46, 36, -117.499, 475.886, 61.2658
46, 37, -723.659, 511.199, 459.198
46, 38, 59.2015, 92.2324, -58.9466
46, 39, -375.977, -321.336, -402.429
46, 40, 28.9431, 96.5656, 244.224
46, 41, 334.812, 119.853, 206.114
46, 42, 146.943, -148.162, -185.22
46, 43, -421.5, 341.285, -512
46, 44, -137.827, 166.737, -74.923
46, 45, -240.158, -303.809, -70.9332
46, 46, 400.322, 373.995, 25.489
46, 47, -261.646, -396.828, -181.24
46, 48, 415.711, 512, 341.375
46, 49, 79.6483, 14.9969, 92.4327
46, 50, -771.911, 351.59, 483.501
46, 51, 626.557, -448.249, 195.975
46, 52, -383.871, -512, -250.765
46, 53, -805.109, 511.987, 391.291
46, 54, 236.888, -195.82, 148.879
46, 55, -461.588, -512, -267.23
46, 56, 153.825, 235.014, 60.2628
46, 57, 496.92, -389.623, -232.576
46, 58, -8.31665, 110.155, 85.3409
46, 59, 63.9976, -401.777, 170.465
46, 60, -2.84949, 186.515, -405.011
46, 61, -425.72, 375.26, 138.324
46, 62, 192.947, 238.071, -127.52
46, 63, -109.069, -128.92, -64.8785
46, 64, -766.571, 332.025, 474.47
46, 65, 69.6711, 309.697, 239.797
46, 66, -92.4871, -192.873, 123.341
46, 67, -847.021, 449.323, 454.881
46, 68, -56.9278, -172.317, -190.085
46, 69, -126.168, 512, 512
46, 70, -811.953, -485.228, 401.097
46, 71, 928.082, -512, 493.589
46, 72, -399.449, 458.094, -27.6493
46, 73, 335.709, 295.417, 402.999
46, 74, -173.055, 431.267, 485.799
46, 75, -791.915, 337.33, 512
46, 76, -799.652, -329.671, 511.978
46, 77, -228.712, -498.761, -284.458
46, 78, -306.591, -167.02, -240.109
46, 79, -745.776, -501.173, 394.055
46, 80, -451.537, -215.635, -512
46, 81, -152.748, 175.169, -66.6879
46, 82, -795.545, -308.005, 509.087
46, 83, 623.261, -291.062, 375.322
46, 84, -419.429, 499.669, -325.764
46, 85, -808.84, 427.278, 433.77
46, 86, -94.8473, -400.327, 420.816
46, 87, 134.241, -512, 242.257
46, 88, -818.186, 327.061, 482.568
46, 89, -806.449, 512, 461.429
46, 90, -810.236, 340.608, 511.928
46, 91, -126.168, 512, 512
46, 92, -783.197, 451.81, 453.82
46, 93, -189.285, -419.424, 49.8114
46, 94, -263.414, 247.861, -2.65569
46, 95, -884.947, -463.743, 380.586
46, 96, 313.852, -266.428, -105.648
46, 97, -476.461, 512, 424.044
46, 98, -368.72, -224.746, -512
46, 99, 68.342, 512, 446.057
47, 0, 426.806, 434.797, -512
47, 1, -48.8038, 120.319, -87.0091
47, 2, -814.109, -321.039, 511.994
47, 3, 168.919, 12.5783, -242.638
47, 4, 309.789, 407.029, -436.047
47, 5, -223.512, -39.7063, -357.827
47, 6, -418.967, 296.262, 512
47, 7, 737.278, -512, -512
47, 8, -717.382, 512, 459.568
47, 9, -766.832, -287.41, 511.984
47, 10, 135.755, -204.632, -70.3017
47, 11, 68.1602, 119.522, -31.08
47, 12, 161.023, 216.678, -406.052
47, 13, -351.785, 512, -189.818
47, 14, 196.766, 218.454, -403.594
47, 15, 230.567, 419.729, 30.9721
47, 16, -181.954, 99.7514, 354.04
47, 17, -336.29, -491.954, 347.968
47, 18, 245.182, 251.87, -406.968
47, 19, 340.922, 176.815, 383.787
47, 20, -924.822, 445.568, 458.284
47, 21, -220.818, -350.098, -386.486
47, 22, 457.631, 432.977, -179.311
47, 23, 106.083, -123.601, 351.297
47, 24, 76.1366, -248.889, -309.075
47, 25, -168.606, 142.752, -104.779
47, 26, 31.335, 2.70216, 304.014
47, 27, 289.242, -115.616, 278.794
47, 28, -780.739, -334.858, 511.968
47, 29, 41.5252, 219.966, 74.051
47, 30, -910.399, 446.542, 464.718
47, 31, -294.911, 512, 374.58
47, 32, 82.8612, -125.658, -186.489
47, 33, -327.246, -126.884, -304.006
47, 34, -942.59, 511.986, 407.861
47, 35, -866.323, -455.272, 391.607
47, 36, 233.704, 373.353, 68.6774
47, 37, -681.283, 459.785, 459.41
47, 38, 214.269, -157.139, 176.489
47, 39, 31.9218, -17.6391, 60.771
47, 40, 300.83, 209.076, 390.475
47, 41, 18.8693, 56.1577, -11.2005
47, 42, -168.644, -172.299, -110.138
47, 43, 374.901, 379.872, -226.734
47, 44, 145.454, 206.485, -134.352
47, 45, -23.1139, -226.774, -306.061
47, 46, -261.646, -396.828, -181.24
47, 47, -210.703, -419.541, 334.887
47, 48, -454.516, -48.7117, 407.129
47, 49, -34.1472, -174.672, -312.606
47, 50, -771.915, 351.591, 483.504
47, 51, -367.12, -436.881, -393.043
47, 52, 737.278, -512, -512
47, 53, -805.109, 511.985, 391.293
47, 54, 73.8152, -95.9011, 135.551
47, 55, -473.104, -428.31, -175.517
47, 56, 104.574, 277.761, -279.258
47, 57, 27.3594, 150.369, 243.474
47, 58, -233.406, 479.651, 239.489
47, 59, 175.807, -421.265, -4.46605
47, 60, -21.6687, 187.132, -113.062
47, 61, 4.14587, 359.108, -159.476
47, 62, 324.29, 435.845, -216.169
47, 63, -182.776, -236.668, -177.896
47, 64, -766.57, 332.023, 474.47
47, 65, 199.209, 338.673, 161.376
47, 66, -243.653, 411.287, 370.109
47, 67, -847.017, 449.321, 454.879
47, 68, -624.732, -183.695, -512
47, 69, -773.438, 512, 460.479
47, 70, -811.961, -485.234, 401.1
47, 71, -399.449, 458.094, -27.6493
47, 72, -364.292, 183.338, 311.412
47, 73, -77.3791, 153.875, -379.507
47, 74, 29.5341, 477.009, 452.906
47, 75, -791.911, 337.325, 512
47, 76, -799.652, -329.673, 511.976
47, 77, 61.951, -498.009, -67.1452
47, 78, 303.513, -25.3243, 272.767
47, 79, 178.702, 115.626, 387.886
47, 80, -273.693, -512, -304.039
47, 81, 332.944, 512, -453.097
47, 82, -795.553, -308.009, 509.091
47, 83, -419.429, 499.669, -325.764
47, 84, -330.247, 512, -231.938
47, 85, -808.844, 427.279, 433.774
47, 86, 80.8363, -370.712, 400.217
47, 87, 522.497, -467.623, 222.213
47, 88, -818.188, 327.066, 482.565
47, 89, -806.444, 511.995, 461.429
47, 90, -810.238, 340.614, 511.925
47, 91, -126.168, 512, 512
47, 92, -783.194, 451.805, 453.82
47, 93, 66.6601, 362.668, -162.427
47, 94, 337.755, 225.867, 147.031
47, 95, -884.946, -463.74, 380.588
47, 96, -18.3564, -279.027, -510.811
47, 97, -738.373, 511.999, 417.898
47, 98, 81.2709, -47.0611, -92.0949
47, 99, -102.203, 512, 433.986
48, 0, -48.8038, 120.319, -87.0091
48, 1, -322.029, 349.978, -89.5438
48, 2, -814.106, -321.039, 511.991
48, 3, -296.849, -310.602, -48.13
48, 4, -223.512, -39.7063, -357.827
48, 5, -626.526, -166.947, -512
48, 6, -266.995, 271.577, 512
48, 7, 65.679, -398.136, 189.717
48, 8, -129.326, 456.169, 439.166
48, 9, -675.585, -268.447, 511.987
48, 10, -585.63, -152.93, -512
48, 11, 288.593, 261.99, -404.018
48, 12, -320.495, 512, -234.912
48, 13, 372.843, 474.793, -91.1623
48, 14, -194.576, 347.48, -76.031
48, 15, -152.418, -407.428, 421.301
48, 16, 493.423, 131.33, 428.937
48, 17, -97.1064, -382.004, 217.597
48, 18, 181.397, 58.1749, 254.099
48, 19, 27.9387, 369.188, 439.106
48, 20, -924.813, 445.564, 458.279
48, 21, -117.703, 173.463, -111.281
48, 22, 87.9012, 182.586, 31.6755
48, 23, -170.102, -107.853, 370.543
48, 24, 329.415, -54.9958, -467.429
48, 25, -91.9975, -116.835, -54.4454
48, 26, 432.691, -303.131, 361.585
48, 27, 439.62, 413.595, 47.1567
48, 28, -780.737, -334.855, 511.969
48, 29, 398.637, 153.71, 463.631
48, 30, -910.395, 446.538, 464.718
48, 31, 377.459, 512, 324.527
48, 32, 18.9256, -122.819, 160.653
48, 33, 184.593, -3.5244, -512
48, 34, -942.597, 511.992, 407.861
48, 35, -866.321, -455.27, 391.608
48, 36, -171.91, 401.089, -118.258
48, 37, -898.692, 453.551, 464.739
48, 38, -164.619, 186.592, 274.534
48, 39, 205.793, 108.519, 166.723
48, 40, 18.8693, 56.1577, -11.2005
48, 41, -24.936, 135.843, 11.7941
48, 42, -116.948, -254.315, -216.241
48, 43, -240.158, -303.809, -70.9332
48, 44, -280.841, 167.119, -253.358
48, 45, 737.278, -512, -512
48, 46, -373.815, -393.949, -471.028
48, 47, 605.516, -485.294, 475.723
48, 48, -358.848, 109.916, 305.88
48, 49, -278.471, -190.906, 50.7565
48, 50, -771.906, 351.585, 483.499
48, 51, 737.278, -512, -512
48, 52, 236.888, -195.82, 148.879
48, 53, -805.106, 511.981, 391.293
48, 54, -151.6, 44.4452, 138.75
48, 55, -50.9965, -59.857, -512
48, 56, 14.1124, 154.439, 88.5479
48, 57, -401.914, 424.058, 378.621
48, 58, -297.112, 491.436, 63.9294
48, 59, -61.0673, -502.342, -211.291
48, 60, 482.399, 136.459, -512
48, 61, 172.18, 359.582, -246.06
48, 62, -76.5202, -86.0766, -122.404
48, 63, 190.921, -158.138, -138.019
48, 64, -354.961, 357.8, 462.312
48, 65, 108.885, 438.845, 502.889
48, 66, -848.783, 512, 393.955
48, 67, -847.011, 449.321, 454.874
48, 68, -46.2268, -142.146, 494.199
48, 69, -773.434, 511.994, 460.482
48, 70, -811.956, -485.229, 401.099
48, 71, 102.738, 247.976, 459.467
48, 72, 189.639, 209.857, 162.73
48, 73, -120.18, 184.277, -80.0499
48, 74, -611.859, 447.153, 443.83
48, 75, -791.908, 337.324, 511.998
48, 76, -799.647, -329.673, 511.97
48, 77, -363.641, -89.529, 383.15
48, 78, 288.717, 311.695, -48.2105
48, 79, 43.1831, 382.063, 195.637
48, 80, -309.613, -512, 357.444
48, 81, 623.261, -291.062, 375.322
48, 82, -795.544, -308.002, 509.087
48, 83, -737.561, 512, 417.079
48, 84, 280.461, 504.855, 196.464
48, 85, -808.845, 427.276, 433.778
48, 86, -483.426, -112.155, 402.689
48, 87, -530.266, 430.908, -288.962
48, 88, -818.184, 327.061, 482.565
48, 89, -806.447, 512, 461.426
48, 90, -810.238, 340.62, 511.921
48, 91, 31.5854, 512, 506.339
48, 92, -783.194, 451.81, 453.817
48, 93, -310.518, 381.503, 117.151
48, 94, 321.899, 244.123, 172.26
48, 95, -884.943, -463.743, 380.581
48, 96, -33.5368, -265.848, -512
48, 97, 52.4528, 511.999, 438.375
48, 98, -6.67085, -275.375, -512
48, 99, -126.168, 512, 512
49, 0, -450.427, 263.046, 278.516
49, 1, -154.899, 333.493, -374.611
49, 2, -814.097, -321.034, 511.986
49, 3, -119.91, -317.432, -341.255
49, 4, 504.189, 69.2232, -512
49, 5, 229.329, 6.37977, -512
49, 6, 202.472, 84.6211, 215.614
49, 7, 471.454, 201.626, 404.659
49, 8, -419.715, 492.359, 512
49, 9, -719.198, 328.952, 512
49, 10, 557.403, 92.6149, -512
49, 11, 257.563, -486.695, 191.818
49, 12, 149.481, 430.787, -121.404
49, 13, -194.576, 347.48, -76.031
49, 14, -96.5346, 358.61, -321.719
49, 15, 195.961, -339.314, 445.928
49, 16, 245.182, 251.87, -406.968
49, 17, -173.727, -296.667, 200.22
49, 18, -345.604, 66.1415, -402.93
49, 19, -126.168, 512, 512
49, 20, -924.819, 445.567, 458.281
49, 21, 21.9489, 193.075, -108.178
49, 22, -135.623, 203.789, -24.3965
49, 23, 214.833, -171.144, 341.599
49, 24, 271.614, 253.277, 79.9404
49, 25, -383.873, 183.894, -264.873
49, 26, 439.62, 413.595, 47.1567
49, 27, 41.5252, 219.966, 74.051
49, 28, -780.745, -334.858, 511.975
49, 29, 335.208, -366.241, -15.143
49, 30, -910.391, 446.536, 464.716
49, 31, 555.618, 6.20784, 503.2
49, 32, 317.727, -512, 91.4443
49, 33, 22.4981, 342.769, -428.886
49, 34, -942.6, 511.994, 407.862
49, 35, -866.314, -455.265, 391.606
49, 36, -224.649, 365.618, -512
49, 37, -898.697, 453.553, 464.742
49, 38, 528.223, 18.0251, 487.173
49, 39, 18.8693, 56.1577, -11.2005
49, 40, -418.259, 365.797, -103.678
49, 41, 137.902, 208.978, -101.81
49, 42, -455.483, -512, -278.691
49, 43, 135.735, -218.879, -192.429
49, 44, -90.8718, -100.18, -485.07
49, 45, 53.7436, -12.7959, 448.577
49, 46, -107.836, -474.415, 264.381
49, 47, -399.867, -298.235, -494.36
49, 48, 41.3278, 132.496, -5.36027
49, 49, -538.294, -512, 377.295
49, 50, -647.712, 512, 458.413
49, 51, 236.888, -195.82, 148.879
49, 52, -251.801, -292.517, -27.1506
49, 53, -805.109, 511.984, 391.294
49, 54, 160.788, 213.606, -98.8498
49, 55, 69.046, 84.2397, -326.258
49, 56, 211.886, 22.9091, 274.348
49, 57, 183.452, 420.081, 361.89
49, 58, -3.68188, 512, 234.526
49, 59, 737.278, -512, -512
49, 60, -1.30435, -185.431, -71.2968
49, 61, -588.822, 506.111, -284.372
49, 62, 9.88663, -239.865, -136.636
49, 63, -163.822, 73.3337, 93.4594
49, 64, 417.572, -339.094, 392.865
49, 65, 218.556, 436.583, 512
49, 66, -848.778, 512, 393.95
49, 67, -847.015, 449.318, 454.88
49, 68, 484.516, 53.5216, 471.831
49, 69, -281.024, 355.713, 457.7
49, 70, -811.96, -485.227, 401.105
49, 71, 183.385, 321.423, 420.528
49, 72, -123.01, -25.5534, 198.832
49, 73, -42.191, 228.458, -61.1283
49, 74, -917.465, 434.263, 453.286
49, 75, -791.903, 337.323, 511.993
49, 76, -799.65, -329.671, 511.976
49, 77, 442.694, -222.534, 371.291
49, 78, 29.9472, -482.762, 109.382
49, 79, -418.234, 512, -257.225
49, 80, 495.908, -512, 468.611
49, 81, -419.429, 499.669, -325.764
49, 82, -795.554, -308.007, 509.093
49, 83, -951.944, 511.998, 401.222
49, 84, -522.361, -239.112, 262.176
49, 85, -808.849, 427.282, 433.777
49, 86, 29.2881, 413.139, 399.77
49, 87, -546.115, 512, -287.874
49, 88, -818.186, 327.067, 482.562
49, 89, -806.445, 512, 461.423
49, 90, -810.235, 340.615, 511.922
49, 91, -203.475, -194.739, 502.998
49, 92, -783.189, 451.81, 453.812
49, 93, 357.492, 406.659, 230.242
49, 94, -18.3564, -279.027, -510.811
49, 95, -884.941, -463.742, 380.58
49, 96, 84.5194, -512, -85.809
49, 97, -126.168, 512, 512
49, 98, 737.278, -512, -512
49, 99, 29.6703, 369.048, 182.583
